1 0.3175531914893616 0.5843971631205673 0.6351063829787232 0.07375886524822695
1 0.3095744680851064 0.46241134751773044 0.6042553191489362 0.08226950354609927
1 0.38617021276595737 0.34539007092198576 0.4404255319148936 0.0524822695035461
1 0.17393617021276597 0.4787234042553192 0.34148936170212774 0.28794326241134754
1 0.5585106382978723 0.5283687943262412 0.07872340425531915 0.035460992907801414
1 0.5611702127659574 0.3978723404255318 0.08404255319148936 0.041134751773049635
1 0.5930851063829787 0.21418439716312054 0.124468085106383 0.2524822695035461
1 0.7212765957446808 0.07234042553191487 0.20212765957446804 0.14468085106382975
1 0.6920212765957447 0.16950354609929083 0.1180851063829787 0.060992907801418444
1 0.6260638297872341 0.7248226950354609 0.13936170212765955 0.198581560283688
