1 0.5765957446808513 0.4794326241134752 0.029787234042553193 0.15319148936170215
1 0.5856382978723403 0.5666666666666665 0.026595744680851064 0.18865248226950349
1 0.5734042553191486 0.6617021276595746 0.02127659574468085 0.058156028368794334
1 0.5558510638297872 0.6893617021276596 0.02234042553191489 0.03404255319148937
1 0.5420212765957446 0.7170212765957448 0.039361702127659576 0.021276595744680847
1 0.5484042553191489 0.7021276595744681 0.026595744680851064 0.0198581560283688
1 0.5180851063829787 0.7326241134751773 0.04468085106382978 0.0070921985815602835
1 0.49787234042553197 0.75177304964539 0.07872340425531915 0.025531914893617013
1 0.449468085106383 0.7595744680851062 0.0968085106382979 0.04397163120567375
1 0.37553191489361704 0.7340425531914895 0.04468085106382978 0.0524822695035461
1 0.2952127659574468 0.5397163120567378 0.018085106382978722 0.1574468085106383
1 0.3127659574468086 0.6489361702127661 0.014893617021276596 0.07234042553191487
1 0.3297872340425533 0.6829787234042553 0.012765957446808508 0.041134751773049635
1 0.34627659574468095 0.7113475177304965 0.01595744680851064 0.0524822695035461
