1 0.2973404255319149 0.580141843971631 0.08191489361702126 0.3035460992907801
1 0.36702127659574474 0.7765957446808511 0.11914893617021277 0.07234042553191487
1 0.3297872340425531 0.697163120567376 0.10425531914893617 0.06666666666666668
1 0.46702127659574477 0.7886524822695035 0.07021276595744683 0.03687943262411347
1 0.32074468085106395 0.3843971631205673 0.07127659574468087 0.06524822695035461
1 0.3606382978723405 0.349645390070922 0.04680851063829787 0.049645390070922
1 0.4106382978723404 0.321985815602837 0.06170212765957448 0.025531914893617013
1 0.41595744680851093 0.9553191489361701 0.30212765957446824 0.08936170212765955
1 0.5914893617021276 0.8964539007092202 0.08936170212765956 0.07659574468085108
1 0.6260638297872341 0.8460992907801418 0.08404255319148936 0.07234042553191487
1 0.6648936170212767 0.7865248226950352 0.07872340425531915 0.060992907801418444
1 0.6861702127659572 0.7070921985815605 0.06595744680851065 0.1773049645390071
1 0.7 0.48652482269503544 0.0978723404255319 0.26099290780141843
1 0.643085106382979 0.2829787234042553 0.12234042553191488 0.11773049645390071
1 0.5643617021276595 0.19999999999999996 0.124468085106383 0.14468085106382975
1 0.45744680851063835 0.16382978723404257 0.10851063829787234 0.07801418439716314
1 0.34468085106382984 0.18652482269503545 0.1148936170212766 0.046808510638297864
1 0.3622340425531915 0.14609929078014186 0.08404255319148936 0.03404255319148937
1 0.2888297872340425 0.2099290780141844 0.1031914893617021 0.031205673758865248
1 0.2702127659574468 0.2468085106382979 0.06595744680851065 0.022695035460992913
