2 0.5223404255319148 0.6617021276595745 0.327659574468085 0.23971631205673755
1 0.7122340425531917 0.4163120567375886 0.08829787234042553 0.3446808510638298
1 0.6617021276595746 0.27943262411347514 0.0425531914893617 0.13049645390070921
1 0.5819148936170212 0.18936170212765957 0.04042553191489363 0.08652482269503546
1 0.5452127659574468 0.16666666666666669 0.032978723404255325 0.08368794326241134
1 0.5101063829787233 0.15602836879432624 0.03723404255319149 0.062411347517730496
1 0.622340425531915 0.21205673758865248 0.03404255319148936 0.10354609929078014
1 0.4579787234042553 0.14893617021276598 0.07127659574468093 0.05673758865248227
1 0.27659574468085113 0.4808510638297871 0.04042553191489363 0.2950354609929078
1 0.4037234042553186 0.7971631205673764 0.14787234042553182 0.07092198581560315
