02.png 505,497,914,605,1 645,218,734,375,1
15703715810085836641214073267604.png 1857,943,2406,1217,1 3058,956,3345,1286,1
1e0889f0d3cb71fe1a1dc15a23bcda8cf78d4241.png 0,239,394,747,1 398,75,781,583,1
2-color-print-fail-nest.png 35,130,208,273,1 385,126,573,303,1 211,58,380,239,1 301,379,375,409,0 229,322,290,389,0 210,267,248,345,0 215,346,299,438,0
20-epic-3d-printing-fails.png 209,174,517,299,1 485,301,715,421,1 239,386,361,440,1 178,299,277,327,1
25246-133743-20190315-072731.png 1389,995,2362,1483,1 1822,1737,3040,2543,1 2281,1496,2920,1727,1
25247-133743-20190315-072738.png 1476,101,3887,2157,1
3D-print-fail.png 245,344,858,629,1 323,298,489,344,1 483,214,865,325,0
3D-printed-vase-fail-spaghetti-prototyping-hive-800x800.png 448,641,482,678,2 368,654,412,702,2 518,619,533,663,2 413,739,442,775,2 339,723,367,758,2 347,532,370,568,2 73,0,672,427,1
3d-printer-failure-spaghetti-36f9796d8ded6799ebf99b7aeb9c4e39.png 468,1281,2748,2687,1
3DBenchy-dualprint-fail-main-image.png 693,0,989,177,1 580,116,1404,317,1 647,322,1311,605,1 706,610,1088,683,1 770,472,1678,1044,1 359,723,822,1058,1
499bce7d1796dfd902a2998198fe0185.png 171,322,458,462,1 407,89,1279,550,1 623,551,1276,790,1
6-Common-3D-Printer-Problems-and-How-to-Avoid-Them-2-e1617705615142.png 457,503,970,553,1 680,311,1001,501,1 544,44,767,307,1
aea353b13e8addbc12bc17ca0e93547d.png 356,96,490,221,2 352,324,416,364,2 246,87,317,201,2 178,63,577,347,1
ai_first_layer_fail.png 422,331,1063,708,1
AnyConv.com__194p5184wyr61.png 60,199,203,401,1 173,66,390,246,1
AnyConv.com__1VSAe5yl.png 196,267,338,424,1
AnyConv.com__46uj5sea1rt31.png 117,257,569,703,1
AnyConv.com__5nyp04rs54771.png 426,281,490,908,0
AnyConv.com__69f2yc15aip21.png 79,15,612,395,1
AnyConv.com__97ofrn6meax61.png 35,45,578,473,1
AnyConv.com__cbleturwoon51.png 1,0,628,888,1
AnyConv.com__cpl3ym0g02271.png 16,36,338,409,1
AnyConv.com__d-drucker-abs-kunststoffdruckfehler.png 192,44,339,234,1 503,48,648,245,1 340,39,501,234,1
AnyConv.com__eY21k3G9bndR6-9odD2dxB-sSMnx87kzI4hI38XrLBU.png 42,158,422,345,1
AnyConv.com__F555T0Y.png 95,30,1526,1278,1
AnyConv.com__hairs-and-stringing.png 357,568,540,683,2 280,451,332,677,2 290,87,343,368,2
AnyConv.com__hdrpxlroex861.png 87,156,323,303,0
AnyConv.com__hFd1QSViE8wMkVvV9YXyiFFtmxYFz9ty_p9y3Vniejc.png 224,16,390,191,1
AnyConv.com__images.png 11,0,249,193,1
AnyConv.com__Mikrometerhalter_Vergleich1.png 109,94,318,260,1 426,84,623,286,1
AnyConv.com__oozing_3D_printing.png 202,106,648,372,2
AnyConv.com__slipping_extruder.png 105,440,1058,634,0
AnyConv.com__stringing_2048x1700.png 769,200,1285,1381,2
AnyConv.com__swzo1vq652b31.png 0,101,624,841,0
AnyConv.com__ts48xowphkg41.png 9,94,215,186,1 0,242,232,405,1 24,524,217,620,1
AnyConv.com__w5kd8rnqtep61.png 175,159,344,272,1 105,113,243,164,0
AnyConv.com__zv57xhkh8sk71.png 54,99,535,739,1 225,434,301,484,2
AnyConv.com___CeguiwuR27KsnfaZKDYxjHsFSYQVWb9W_sSq2slpDU.png 49,376,274,563,1 329,377,597,576,1
Beautiful_Failures_-05.png 101,413,868,766,1 188,186,1023,383,1 148,336,1023,480,1
Beautiful_Failures_-41.png 228,33,635,717,1 623,67,829,520,1
benchy_side_L.png 59,469,442,903,1 313,268,671,487,1 517,137,639,272,2 374,393,579,715,2
BigBox_Filamentum_testing_print_failure_slipping_Gears_on_Yaxis.png 246,177,819,533,0 706,188,1036,333,0
CEN7-14.png 173,243,822,524,1 314,92,783,266,1
dmln5300000wi81.png 157,125,341,193,2 77,71,479,303,1 157,306,547,403,1 178,40,395,68,2
EK6CAg1XkAAn18W.png 155,434,415,725,1 205,317,430,421,1 425,201,773,326,1 612,331,790,417,1 502,612,930,718,1 681,546,901,608,1 796,366,940,536,1 685,422,789,541,1 436,334,704,584,1
Examples-of-complete-3D-printing-failures.png 113,156,435,261,1 175,126,420,154,1 176,47,405,130,1
fail.png 28,0,938,475,1
failed-3d-print.png 66,52,276,206,1 264,50,374,173,1
fail_print.png 83,268,992,569,1 1040,243,1199,366,2
fakerbots.png 113,87,275,136,1 280,39,563,277,1
gwngu.png 104,40,905,405,2 527,-20,1207,339,2 946,444,1053,586,2
image-asset_img_5eb0af2d092e0.png 18,98,453,456,1
imagine-if-you-could-cut-down-amount-wasted-filament-when-your-3d-printer-goes-wrong-during.png 160,440,421,899,1 389,211,1248,660,1
img_3235-scaled.png 490,582,2183,1251,1 1247,1225,1857,1306,1
IMG_3748.png 1064,4,2883,3023,1
IMG_3749.png 1222,171,2328,3023,1
IMG_3750.png 0,1655,2560,1878,1 30,1273,2466,1521,1 669,965,2444,1123,1 12,1012,1388,1882,1 2093,1544,2410,1651,1 2093,1140,2431,1264,1 2140,265,2641,1028,1 2500,0,3314,437,1 2552,420,3028,604,1 2243,1891,2804,2491,1
IMG_3751.png 334,604,1303,1487,1 896,1501,2435,2341,1 1282,1029,2187,1509,1 2457,1514,3679,1900,1 2766,1055,3735,1501,1
IMG_3753.png 707,1286,1191,1564,1 845,2239,1170,2560,1 1055,2222,2082,2500,1
IMG_3755.png 1209,2071,2500,2718,1 2350,1394,2766,2058,1
IMG_3756.png 188,1569,1093,2988,1 557,802,2053,1685,1 2120,1472,2994,2893,1
IMG_3758.png 1522,407,2658,763,1 2444,613,3147,1603,1 2758,1612,3053,2195,1 2547,2174,2834,2401,1 2247,2350,2551,2551,1 1973,2453,2273,2663,1 2620,2037,2920,2238,1 2414,2277,2709,2491,1 2148,2432,2405,2620,1 1629,2354,1950,2667,1 1316,2114,1633,2534,1 1106,1827,1393,2213,1 1479,1059,1736,2066,1 1737,930,2088,1015,1 1724,1016,1856,1144,1
IMG_3759.png 1033,1295,1363,2212,1 1239,2239,1719,2457,1 1119,2007,1539,2208,1 1741,2329,2024,2440,1 1149,1063,1436,1260,1 1359,982,1547,1132,1 1531,935,1779,1012,1 1068,2753,2286,3023,1 2204,2595,2564,2826,1 2354,2449,2692,2667,1 2522,2286,2839,2470,1 2633,1870,2898,2406,1 2625,1076,3019,1865,1 2346,677,2839,1033,1 2024,386,2525,823,1 1625,377,2062,612,1 1158,493,1621,634,1 1291,390,1629,492,1 956,587,1372,681,1 956,712,1221,780,1
IMG_3760.png 1904,360,2277,2341,1
IMG_3761.png 2273,887,2916,1912,2
IMG_3763.png 8,651,3139,3005,2 1810,596,3341,1569,1
IMG_3764.png 1308,128,3495,2958,1
IMG_3765.png 1569,25,3379,2564,1
IMG_3766.png 1677,617,2745,1908,1 750,600,1955,3023,1 1938,1917,2564,2646,1
IMG_3768.png 1904,862,2097,1591,1 1844,1582,1981,2045,1 1745,1917,1843,2084,1
IMG_3769.png 1767,394,1994,1873,1 1685,1775,1847,1963,1 1539,1917,1749,2058,1 1398,519,1599,1188,1 1218,694,1355,1037,1
IMG_3770.png 1827,896,2539,1826,1
IMG_3771.png 1583,1277,2337,2022,1 1063,1133,1406,2745,1 2070,1855,2440,2403,1
IMG_3773.png 1389,973,1955,2178,1 2264,463,2770,1140,1 2513,767,2869,2070,1 2088,2097,2825,2500,1 1535,2230,2041,2483,1 1754,351,2260,797,1 1402,446,1762,960,1 1136,793,1371,2174,1
IMG_3774.png 1445,1638,2766,2362,2 2693,737,3049,1779,1 2582,647,2753,1041,1 2264,441,2426,702,1 2131,377,2263,630,1 1981,377,2131,565,1 2440,484,2577,797,1 1702,364,1989,535,1 1033,1007,1195,1899,1 1329,2303,1925,2517,1
IMG_3775.png 883,1209,2156,2264,1 1741,1711,2380,2551,1
IMG_3776.png 1762,1514,3460,2307,1 617,1827,2178,3023,1 1145,1098,1608,1865,1 8,1960,505,2607,1 424,2157,599,3023,1
IMG_3778.png 1295,158,1874,1882,1 1509,1908,2993,2620,1 1844,1565,2238,1869,1 1878,1179,2045,1535,1
IMG_3779.png 240,2131,977,2847,1 1488,1252,2487,1848,2
IMG_3780.png 630,1282,1985,3023,1 2003,1269,2277,2272,1 2299,1724,2779,2315,1 2792,1977,2954,2328,1
IMG_3781.png 1265,1231,2148,2951,1 630,1308,1243,2221,1
IMG_3784.png 1393,652,2416,2620,1
IMG_3785.png 2397,686,3130,2195,1 1059,759,1796,2316,2 1398,2157,2251,2508,2 1805,720,2130,1174,2 2114,394,3070,677,1 3165,810,3439,2281,1 2723,2256,3126,2461,1
IMG_3786.png 3290,867,3521,2256,1 720,814,1629,2422,1 38,1033,587,2422,2
IMG_3788.png 2264,1218,2384,1681,1 2307,1428,2414,1998,1 2269,1913,2354,2088,1 2196,2033,2286,2135,1 2106,2136,2264,2200,1 2157,2093,2264,2153,1 1998,2204,2178,2225,1 1848,2234,2165,2311,1 1617,2230,2007,2362,1 1424,2140,1604,2298,1 1153,1394,1225,1870,1 1231,1853,1291,2071,1 1303,2003,1354,2127,1 1364,2071,1428,2229,1
IMG_3789.png 1175,2251,1779,2512,2 1775,2106,1959,2303,2 1990,999,2513,2500,1 2148,643,3271,805,1
IMG_3790.png 1351,742,3371,2251,1
IMG_3791.png 1428,1213,2967,1907,1 0,523,1364,2461,1 8,394,569,908,1 0,2324,1226,2851,1 1381,2380,2727,2684,1
IMG_3793.png 0,389,2872,2395,1
IMG_3794.png 712,514,3084,2371,1 1235,1055,3263,1719,1 8,141,810,2697,1
IMG_3795.png 64,1170,1307,2100,1 1484,930,2929,2345,1
IMG_3796.png 1050,231,2920,1625,1 1728,2277,2169,2920,1 656,1595,3010,2890,1
IMG_3798.png 1256,506,2641,2389,1 694,1822,1826,2808,1 4,4,1286,1814,1 1299,0,2615,488,1
IMG_3799.png 1834,474,2666,2644,1 4,1166,1398,3023,1 407,8,1715,1337,1
IMG_3800.png 1231,982,2432,2573,1 2728,570,3388,1273,1
IMG_3801.png 1504,912,3526,1754,1
IMG_3803.png 2629,484,3109,1363,1 2569,1449,3096,2354,1
IMG_3804.png 12,1205,2448,2830,1 1737,549,3435,2045,1
IMG_3805.png 731,416,3934,2513,1
IMG_3806.png 9,426,3453,2866,1
IMG_3808.png 18,578,3378,2736,1
IMG_3809.png 78,574,3985,2986,1
IMG_3810.png 541,143,2925,3004,1
IMG_3811.png 686,553,3444,2586,1 3066,115,3430,3018,1
IMG_3815.png 810,1578,1818,2006,1 1857,995,2766,1749,1
IMG_3816.png 3258,425,3373,3135,2 2407,185,2516,2655,2 2792,299,2963,2894,2
IMG_3819.png 1402,1110,2976,2534,1 772,673,1428,1307,1 651,373,3070,2594,1 2444,2269,3597,3015,1
IMG_3820.png 2736,2530,4031,3023,1 1235,1256,2697,2165,1
IMG_3821.png 411,1020,1787,2173,1 2436,1076,3083,1946,1 995,373,3011,1003,1 1089,2196,2997,2775,1 2770,308,3636,2508,1
IMG_3823.png 1385,1415,3366,1998,1 763,1535,1719,2633,1 1419,682,2092,1466,1 1822,454,2521,689,1 2200,60,2697,544,1
IMG_3824.png 842,1560,2249,2699,1 1379,481,2078,1453,1 2296,1435,3337,1953,1 2092,111,2642,726,1
_69320092_rich1.png 427,133,610,288,1 614,131,725,250,2 548,298,591,457,2 482,349,545,421,1
_69321572_bad_print_composite2.png 253,397,387,426,2 233,298,425,315,2 485,222,652,508,1 644,145,853,228,1 713,229,867,282,1 795,288,964,385,1 679,404,960,494,1 777,380,948,409,1 664,283,801,397,1
