11bf6290851b168b1222be87413e992c_jpg.rf.7f881d3127040b30f73357235eab1350.jpg 122,134,406,381,0
11bf6290851b168b1222be87413e992c_jpg.rf.ed33eaae5fcaa5b8a258e1fd146e6ebb.jpg 2,129,296,388,0
11bf6290851b168b1222be87413e992c_jpg.rf.fcf5fa4ffec6c7ec5e7d814840d4b2b2.jpg 14,116,287,350,0
1524297535509-image_jpg.rf.01c7aaac497ea1583c3daff672548dcb.jpg 275,89,326,146,0 189,125,317,228,0
1524297535509-image_jpg.rf.3e2d709ee36481f1a306f86fe2977141.jpg 77,115,125,170,0 101,141,223,236,0
1524297535509-image_jpg.rf.7d386f6863756f0b54a3d595f1e0167e.jpg 111,126,155,176,0 124,159,236,246,0
1554794075909-img_20190409_010054_jpg.rf.086a6388db7082d9b9fb8510e57d9bd0.jpg 114,70,254,160,0
1554794075909-img_20190409_010054_jpg.rf.66c6825e5505ff46df206512df2a192a.jpg 138,66,277,150,0
1554794075909-img_20190409_010054_jpg.rf.a0997c0dd9516a1b3f0bb9d1877f5b53.jpg 109,72,247,164,0
19672643310_bca7fe1ed6_k-1024x576_jpg.rf.4069c90e543f84004936a3566a4fc0c8.jpg 223,45,248,86,0 242,152,264,213,0 78,200,196,392,0
19672643310_bca7fe1ed6_k-1024x576_jpg.rf.42cf627bbac2ab7c685cf0db1335a286.jpg 168,57,191,96,0 164,162,183,220,0 243,197,351,379,0
19672643310_bca7fe1ed6_k-1024x576_jpg.rf.c335820a4d56c11721ff9bc467dfab20.jpg 245,58,271,99,0 239,161,264,219,0 60,179,183,366,0
1H1ekr9_jpg.rf.c5b4853ef4f8a2e8c7aa29dfa9ca3f3f.jpg 159,120,216,158,0 290,129,315,147,0 251,137,289,163,0
1H1ekr9_jpg.rf.d2ac9415d73689ead8f35cb738bf5a75.jpg 213,122,276,167,0 112,121,140,142,0 137,132,179,163,0
1H1ekr9_jpg.rf.d3d4d42ec1209846b6345705330c67a0.jpg 209,120,270,162,0 108,124,135,144,0 133,134,173,163,0
20181015_125226-jpg-e50c46c9551d8d81dad2be1cc0ab3b2f_jpg.rf.6dfdc7419a19476f705cccc85008a701.jpg 102,117,313,298,0
20181015_125226-jpg-e50c46c9551d8d81dad2be1cc0ab3b2f_jpg.rf.c4af60efdd49e377efd7a98278b5c039.jpg 103,126,308,302,0
20181015_125226-jpg-e50c46c9551d8d81dad2be1cc0ab3b2f_jpg.rf.e6bde9e3761a035578402fdb8bc1abab.jpg 85,95,317,296,0
20181015_180623-jpg-fca8876944fcdc8d90ba2963f8c99f8f_jpg.rf.1d9b32e67042654c3f6c279c03f45204.jpg 315,76,399,120,0 57,77,131,171,0 168,85,260,188,0 50,185,121,268,0 164,228,256,296,0 53,272,110,361,0
20181015_180623-jpg-fca8876944fcdc8d90ba2963f8c99f8f_jpg.rf.36690dc832620eb9b277fed21bc143b5.jpg 52,82,132,126,0 303,91,375,182,0 180,95,270,194,0 309,194,378,274,0 181,230,269,297,0 316,276,372,362,0
20181015_180623-jpg-fca8876944fcdc8d90ba2963f8c99f8f_jpg.rf.6c8421493901a46283fbbe47b08794e4.jpg 47,78,126,121,0 293,87,364,176,0 173,91,261,189,0 300,188,368,266,0 174,223,261,289,0 307,268,363,352,0
20190327_114026-jpg-18c23791fba1c175cace02695cc10b46_jpg.rf.130b78d0ae084aeb5b324fc43787562e.jpg 50,18,216,151,0 223,45,372,322,0 50,193,243,362,0
20190327_114026-jpg-18c23791fba1c175cace02695cc10b46_jpg.rf.15c5022685b20528cfb7c1dee4b7e3e3.jpg 106,7,262,132,0 242,66,382,326,0 62,168,243,327,0
20190327_114026-jpg-18c23791fba1c175cace02695cc10b46_jpg.rf.328c438d7a965d088d6d7386c74b3dd2.jpg 108,1,265,103,0 261,34,395,302,0 73,152,256,310,0
20190620nest_jpg.rf.1414cf95192d48d6d6b9f6542c9aa24d.jpg 114,196,192,337,0 129,31,294,199,0
20190620nest_jpg.rf.aef5870dd27489a17c3c8d6c174e7a2e.jpg 225,180,305,326,0 120,9,290,184,0
20190620nest_jpg.rf.d6df0708d824dc2186c4a9cf6dee8e49.jpg 103,206,190,357,0 113,29,292,212,0
20210409_172720-jpg-8ae01c51a22d76203fe9c8e52b3dd0c0_jpg.rf.13b9bea3ff56eedc6f18006caa1cec44.jpg 101,29,135,325,0 250,29,293,321,0
20210409_172720-jpg-8ae01c51a22d76203fe9c8e52b3dd0c0_jpg.rf.3b09e75e59d4fcc20ce2232bc8e7bc11.jpg 111,24,145,320,0 260,24,303,316,0
20210409_172720-jpg-8ae01c51a22d76203fe9c8e52b3dd0c0_jpg.rf.b37e882248df6140f013468f36d3573e.jpg 270,44,308,326,0 119,41,165,320,0
265dd6613d083032eb14eb7ca924a653_jpg.rf.5eafb62f2f1fc522b429ca24f7cff329.jpg 113,81,151,100,0 208,225,242,248,0 220,253,246,323,0 160,266,173,301,0 219,329,234,348,0 155,316,172,341,0
265dd6613d083032eb14eb7ca924a653_jpg.rf.ae7601ace7c33a94544868c9f7a23f2d.jpg 283,76,320,95,0 193,217,226,240,0 189,245,214,314,0 261,258,274,292,0 201,320,215,338,0 262,307,278,332,0
265dd6613d083032eb14eb7ca924a653_jpg.rf.f0a14df0ed37545736479495dec068db.jpg 95,88,132,103,0 219,217,251,237,0 244,243,261,314,0 179,268,188,303,0 248,321,261,339,0 182,320,196,344,0
299c8t3d6od11_jpg.rf.8f6353723a09222d689eaca962a4ef62.jpg 150,146,168,198,0 227,117,249,225,0 160,197,176,229,0 200,76,218,108,0
299c8t3d6od11_jpg.rf.c4af0d4715c433a15f2519df082d3e5d.jpg 235,170,245,222,0 157,151,165,259,0 230,222,242,253,0 172,108,186,138,0
299c8t3d6od11_jpg.rf.d083ce5fe38d42c6f39e68baa2c6672e.jpg 175,164,186,212,0 248,145,258,244,0 180,212,191,241,0 228,106,241,134,0
3317811b7a5636eaa23d34e018bffe5b2afc6e51_jpg.rf.13e8a25b5872db3605ea86e161660de0.jpg 219,137,251,221,0 94,136,126,202,0
3317811b7a5636eaa23d34e018bffe5b2afc6e51_jpg.rf.46159ce9b1f2007adb0af8cc36e646e7.jpg 213,157,246,236,0 95,152,128,215,0
3317811b7a5636eaa23d34e018bffe5b2afc6e51_jpg.rf.a91402529032a57f5a0348baa79fb5d8.jpg 215,163,243,243,0 94,167,123,229,0
34887nsusfs51_jpg.rf.900c20f96d74119df377f6beecc62ad6.jpg 213,130,262,173,0 124,138,202,191,0 175,190,216,214,0 122,194,176,220,0
34887nsusfs51_jpg.rf.ab57b7734bb00ecc59f590e6f6729215.jpg 167,113,221,161,0 226,132,310,192,0 207,181,251,209,0 247,192,305,223,0
34887nsusfs51_jpg.rf.e85dbb1b211b9955bd17bc16379e380b.jpg 210,109,264,157,0 119,127,203,187,0 177,178,221,206,0 123,188,181,218,0
3d-print-fail_jpg.rf.4f0bbd59120d802b0cd253c34e1e2f7f.jpg 17,280,143,373,0
3d-print-fail_jpg.rf.b3b29c9c01e4c1b96f591b1d6729c655.jpg 278,263,405,360,0
3d-print-fail_jpg.rf.eaed8c5a618fddcb459f160e86da1c1d.jpg 284,260,413,359,0
3d-printer-printing-failure-260nw-1321469462_jpg.rf.040de607e8a83209d2e40a793d288ab2.jpg 93,174,379,390,0
3d-printer-printing-failure-260nw-1321469462_jpg.rf.ccf44078817b75bf7ad709c4a3ea484e.jpg 90,174,389,398,0
3d-printer-printing-failure-260nw-1321469462_jpg.rf.db29bd259f04a3f416c38ac8e5195de2.jpg 20,162,306,382,0
4uxth1yl7ah21_jpg.rf.79194cf1d41e7836fc9d85b2d375c4b0.jpg 100,94,302,214,0
4uxth1yl7ah21_jpg.rf.d190f59adb43e578356709599769c697.jpg 109,121,298,224,0
4uxth1yl7ah21_jpg.rf.f872de3f3779724c8e3055798cfc9a66.jpg 120,104,316,216,0
519ED697-8452-498F-ADB5-69F767D8DE0E-jpeg-0477a2a0aab76f26c8c47c65031ed413_jpg.rf.0d7f903922d4a8df4497a96b1198d087.jpg 248,225,266,241,0 279,228,296,247,0 243,242,263,270,0 196,246,211,266,0 239,293,273,332,0
519ED697-8452-498F-ADB5-69F767D8DE0E-jpeg-0477a2a0aab76f26c8c47c65031ed413_jpg.rf.a7a6484e028e2f693abc3a5bb96ea582.jpg 257,231,276,247,0 290,231,306,251,0 253,248,272,277,0 203,255,218,276,0 252,302,286,343,0
519ED697-8452-498F-ADB5-69F767D8DE0E-jpeg-0477a2a0aab76f26c8c47c65031ed413_jpg.rf.ccfd288eb0af528fed30bfe6c5e223cd.jpg 158,202,178,220,0 125,197,144,219,0 157,221,179,252,0 211,237,228,259,0 131,274,169,318,0
5795690693_3b69ab8658_z_jpg.rf.10b38a6ceb48d752985ae8880f506f94.jpg 170,107,267,198,0 252,215,327,301,0 67,181,141,273,0 75,276,169,349,0 259,319,331,417,0
5795690693_3b69ab8658_z_jpg.rf.69fc7a501934306d63c529a3d64a7a95.jpg 164,112,259,199,0 275,206,346,291,0 76,215,145,307,0 104,311,197,379,0 311,312,377,411,0
5795690693_3b69ab8658_z_jpg.rf.e92a37fec49474c0089077c72e7d61a7.jpg 179,104,271,190,0 264,206,334,288,0 82,182,150,270,0 93,274,183,342,0 278,308,345,402,0
6bdxbqup3g421_jpg.rf.d46c972c07a2545068197e007499e799.jpg 107,13,382,227,0 82,274,164,352,0
6bdxbqup3g421_jpg.rf.e0271e90866e02bf23c70c3d2cdd646b.jpg 95,1,387,211,0 71,266,158,349,0
6bdxbqup3g421_jpg.rf.e2e43f3123f00229e535c0649dac595f.jpg 106,8,412,252,0 71,287,163,375,0
772a27e26920431770e781dda062398b-image-asset_img_5eb0af2d092e0_jpg.rf.2b6eb16648db343a2766f749b6435333.jpg 224,68,417,320,0 226,312,309,394,0
772a27e26920431770e781dda062398b-image-asset_img_5eb0af2d092e0_jpg.rf.31b414878e18130aadb448a6fefae357.jpg 31,58,204,279,0 100,284,172,355,0 1,352,64,400,0
772a27e26920431770e781dda062398b-image-asset_img_5eb0af2d092e0_jpg.rf.f3789baaf51e15b9efe855eef1113627.jpg 25,53,196,279,0 101,289,174,360,0 1,367,64,412,0
79276de2ab7bb4376bf66d974ef6289c_jpg.rf.1c7209991ff3b51ead42c2709ce33f36.jpg 178,115,268,237,0 61,175,109,237,0
79276de2ab7bb4376bf66d974ef6289c_jpg.rf.2250ba8798459dcac2bfeb614f284a01.jpg 133,113,248,256,0 310,157,370,230,0
79276de2ab7bb4376bf66d974ef6289c_jpg.rf.bfbd8e2d0c0404ed7fa3fe65e3361a94.jpg 141,98,251,236,0 305,183,362,253,0
7d008b92c327efb8703acf1f5f619def_jpg.rf.3f9ede81b73cf6f534f05a3e753343bc.jpg 120,51,314,213,0 304,187,414,340,0
7d008b92c327efb8703acf1f5f619def_jpg.rf.4acc8f69a7413d4bad1b2aa4219aebfc.jpg 100,52,308,235,0 31,213,158,374,0
7d008b92c327efb8703acf1f5f619def_jpg.rf.b03d56ea951d964dff5cc241c8df2021.jpg 130,85,305,230,0 41,211,139,349,0
82025c09dec45930b34343718660d3d7c60579fd_jpg.rf.1117e940f9a393193febddf89c898cea.jpg 302,133,417,409,0
82025c09dec45930b34343718660d3d7c60579fd_jpg.rf.a1a370263aeb99f809b3c0b0e93b3fb8.jpg 1,87,106,380,0
82025c09dec45930b34343718660d3d7c60579fd_jpg.rf.b0ecc840319569374d5279922a7ba690.jpg 307,93,417,376,0
8F9cMfJ_jpg.rf.2e55eaeffbfa39a949c27fd6465c9dcd.jpg 100,169,172,218,0 220,181,261,230,0
8F9cMfJ_jpg.rf.46f4eb371bbcb26cfb52d930971e7ab6.jpg 94,196,172,249,0 225,189,270,242,0
8F9cMfJ_jpg.rf.559a4b4d9d0c2740647d47d127b27a63.jpg 243,168,318,222,0 153,189,198,241,0
a4ea5965333076758445fe3fc9812f11_jpg.rf.bad23638965c1d6be0ca639e4d7a79e1.jpg 319,54,417,219,0 17,76,138,249,0
a4ea5965333076758445fe3fc9812f11_jpg.rf.e2c45b4b3ee5eb9aeabe357dad449683.jpg 305,44,417,214,0 1,61,124,239,0
a4ea5965333076758445fe3fc9812f11_jpg.rf.f084089a2f016bdceb8f487b0696d657.jpg 296,56,417,233,0 1,36,137,222,0
a9f04cdf0f83b9606b0347828e8228c1_jpg.rf.729eca8b3143c4c4e34bcb58759b6f2d.jpg 75,19,160,163,0
a9f04cdf0f83b9606b0347828e8228c1_jpg.rf.8827b6a883df68f249aba500cef1b329.jpg 28,48,109,190,0
a9f04cdf0f83b9606b0347828e8228c1_jpg.rf.a6d351336973ac964bb0302d8881ebc0.jpg 42,40,112,183,0
b0zyawvkkt461_jpg.rf.01e6098597eb0f98e17548149ed2d985.jpg 210,109,272,189,0 138,100,197,192,0
b0zyawvkkt461_jpg.rf.32702fccd0464ff5ade7c8c2fb5c63c8.jpg 155,94,226,181,0 230,104,299,203,0
b0zyawvkkt461_jpg.rf.8450c6d5ce819cfcb528b22e8a542e10.jpg 212,105,275,186,0 140,94,201,187,0
benchy_fail_20201005_010753_jpg.rf.21ab0502cfd39d923cc687d106b120a7.jpg 252,174,295,228,0 60,153,256,402,0
benchy_fail_20201005_010753_jpg.rf.83f88189f581d62649cef56a5abd995e.jpg 245,177,287,230,0 56,161,247,408,0
benchy_fail_20201005_010753_jpg.rf.e1dab1abf5ad1d0420fc818d314a63db.jpg 145,160,184,211,0 178,156,357,390,0
Capture-d-ecran--255-_jpg.rf.1123b971b9643622d666c608eb4587b3.jpg 176,100,192,136,0 183,152,203,184,0 124,240,155,282,0
Capture-d-ecran--255-_jpg.rf.c0617e82c216bf7902a32ce129d05dcc.jpg 152,109,170,146,0 168,161,189,194,0 126,258,159,302,0
Capture-d-ecran--255-_jpg.rf.d820a58868b03b3412f78c09e4f40baa.jpg 185,108,204,144,0 186,159,208,191,0 120,238,154,281,0
Capture-d-ecran--258-_jpg.rf.41ac8a823537a324919233077ef5a2f4.jpg 213,38,405,164,0 1,58,213,379,0
Capture-d-ecran--258-_jpg.rf.5adc286107620cdefce76e95f33c4791.jpg 74,31,241,129,0 235,80,417,356,0
Capture-d-ecran--258-_jpg.rf.abb717cc95922828d8f90accc5236618.jpg 69,3,249,115,0 226,64,417,363,0
Capture-d-ecran--260-_jpg.rf.3671e1194501e14863f50522a8c0099e.jpg 273,95,285,130,0 92,116,140,192,0
Capture-d-ecran--260-_jpg.rf.3fc78aa6fba08e85d5fbdcd88d3cfc9d.jpg 278,123,288,155,0 107,132,147,201,0
Capture-d-ecran--260-_jpg.rf.5fa6072dc00891b35bafde73084c3074.jpg 111,134,125,166,0 247,112,296,184,0
Capture-d-ecran--265-_jpg.rf.2bfa150d0e13fca77a505bea4f3d066a.jpg 1,15,110,160,0
Capture-d-ecran--265-_jpg.rf.897f5c5def4930678cef549f99d229de.jpg 317,16,417,163,0
Capture-d-ecran--265-_jpg.rf.d251abc73469370ad8e6c53560329417.jpg 317,20,417,165,0
Capture-d-ecran--270-_jpg.rf.30329c444ae470360ec6e6bdc28aa044.jpg 26,1,327,129,0
Capture-d-ecran--270-_jpg.rf.6287b8d25c463431c9dc92901e632686.jpg 1,1,297,190,0
Capture-d-ecran--270-_jpg.rf.b8f912b415528c498654d83789b81b28.jpg 1,1,296,169,0
Capture-d-ecran--283-_jpg.rf.0080fced921b3bd905c046056a0d4f3b.jpg 91,202,174,310,0
Capture-d-ecran--283-_jpg.rf.2babcd28f5245fa94ab20d6ff4c9f5f5.jpg 231,198,327,314,0
Capture-d-ecran--283-_jpg.rf.d3b1a577353797e93b3677c0160c0a4b.jpg 224,212,304,316,0
Capture-d-ecran--285-_jpg.rf.346c386849dab5d5761da31428d0af3f.jpg 214,95,239,135,0
Capture-d-ecran--285-_jpg.rf.c592fef5722cdfbbde9a0899d53ce241.jpg 179,115,201,152,0
Capture-d-ecran--285-_jpg.rf.fdb5afa5c3923fde619edb251ba2c951.jpg 153,93,181,135,0
Capture-d-ecran--288-_jpg.rf.30b74cb910185838ec4cde765cd366ed.jpg 209,100,244,153,0 96,313,125,359,0
Capture-d-ecran--288-_jpg.rf.8f709da057bb8add4811b1a32ce4a7f7.jpg 209,102,243,155,0 97,313,126,358,0
Capture-d-ecran--288-_jpg.rf.adaf50be9dda392d68068b11699050b7.jpg 234,94,268,150,0 96,315,125,363,0
Capture-d-ecran--291-_jpg.rf.05f022eb9f64abe65eb536c61ff7dfeb.jpg 85,198,155,260,0 87,259,124,300,0
Capture-d-ecran--291-_jpg.rf.4a18b31435e2e414eeb3e8c9d1842b7c.jpg 97,156,169,219,0 89,216,126,257,0
Capture-d-ecran--291-_jpg.rf.c8e325418aa090a118331847a71b4327.jpg 87,195,156,256,0 89,254,125,294,0
Capture-d-ecran--293-_jpg.rf.32c71aa187baa2f0927197d95e70f25a.jpg 170,177,195,257,0 170,1,221,25,0
Capture-d-ecran--293-_jpg.rf.3e1e2d07daff10e059dbd738aabca99a.jpg 232,186,257,266,0 206,1,258,34,0
Capture-d-ecran--293-_jpg.rf.6a0badb4f8f82760ecc999af5308c130.jpg 180,185,209,265,0 168,1,221,35,0
Capture-d-ecran--297-_jpg.rf.b8fa45e25990293623833ea61bf24e31.jpg 240,119,287,186,0 55,105,239,214,0 305,168,353,252,0
Capture-d-ecran--297-_jpg.rf.c3ea674a69b1347aabfcd2ef0f0430c4.jpg 134,112,187,183,0 179,103,372,230,0 61,154,117,241,0
Capture-d-ecran--297-_jpg.rf.d5332b04384bf041fb899d5ce037e2b9.jpg 122,128,172,197,0 168,92,357,210,0 65,186,117,272,0
Capture-d-ecran--300-_jpg.rf.34363d2525a2bf1df5db972eaec5d9d2.jpg 226,119,295,205,0 18,103,236,282,0 299,143,362,263,0 11,269,153,417,0
Capture-d-ecran--300-_jpg.rf.44d3932fdce2635bfd9e0e97a54f97a5.jpg 230,124,294,206,0 25,106,233,272,0 300,151,356,267,0 10,264,143,417,0
Capture-d-ecran--300-_jpg.rf.5daf30ca589686f46237c05b867fffff.jpg 231,139,303,229,0 12,78,239,264,0 290,185,355,309,0 1,231,100,398,0
Capture-d-ecran--304-_jpg.rf.94d7bc7f84d65d3f6c01143634d1bd29.jpg 240,97,301,171,0 131,229,175,283,0 304,188,379,343,0 256,290,291,339,0
Capture-d-ecran--304-_jpg.rf.9e8cb5190ddd4e374fda693160769119.jpg 82,96,146,175,0 246,211,292,269,0 29,208,106,376,0 134,304,171,357,0
Capture-d-ecran--304-_jpg.rf.b2932b17c38395b55049dcf3dffba4c1.jpg 247,112,305,185,0 114,225,156,278,0 292,217,359,373,0 230,309,263,358,0
Capture-d-ecran--309-_jpg.rf.3733cdd7ec93e96a48cd8e48d8df78b7.jpg 318,146,417,296,0
Capture-d-ecran--309-_jpg.rf.93834206dba1b4321be69fa9069194ea.jpg 285,160,417,305,0
Capture-d-ecran--309-_jpg.rf.fdf76eb74324421496c73dc8efb62645.jpg 283,180,417,325,0
Capture-d-ecran--313-_jpg.rf.322cb3f75a2018f5f1a94580f2bc59e0.jpg 200,174,231,210,0 205,257,221,288,0 238,270,258,302,0 134,270,159,332,0
Capture-d-ecran--313-_jpg.rf.9a68c37534df906b0c647b3cd191fb2f.jpg 189,177,217,210,0 206,256,219,286,0 171,272,188,301,0 269,262,288,321,0
Capture-d-ecran--313-_jpg.rf.ca497ad8bc5af964c43dd0aa9a410dac.jpg 182,179,212,214,0 215,253,231,284,0 185,275,205,305,0 279,245,305,304,0
Capture-d-ecran--318-_jpg.rf.97c118735fb2efce3f3f08a731eaf187.jpg 223,371,252,417,0 240,158,271,191,0 171,240,201,284,0 211,268,253,348,0
Capture-d-ecran--318-_jpg.rf.ca9095f62de82c677b363a5226308b01.jpg 153,375,186,416,0 153,154,188,190,0 217,245,252,293,0 157,270,207,355,0
Capture-d-ecran--318-_jpg.rf.eb985632488e7964bbac89110168db50.jpg 161,368,191,416,0 149,154,182,188,0 217,239,248,284,0 162,266,207,348,0
Capture-d-ecran--319-_jpg.rf.394fb02c1aae8f23e06a49a160a32af1.jpg 148,36,368,321,0
Capture-d-ecran--319-_jpg.rf.a56743b4e7c11e42ba17cd1ab3632d72.jpg 149,26,399,340,0
Capture-d-ecran--319-_jpg.rf.e35ef58b82c57e6b70dd84ce6c064ac0.jpg 162,9,396,315,0
Capture-d-ecran--320-_jpg.rf.14087bb1104108569c1812ffce16020d.jpg 87,124,106,154,0 255,211,270,292,0 143,240,162,295,0
Capture-d-ecran--320-_jpg.rf.81c02d6e01ea1f5d04bb23b656fc166e.jpg 325,112,347,145,0 144,187,167,272,0 255,228,280,286,0
Capture-d-ecran--320-_jpg.rf.a0fe0a08ba1ab8b7820c71659b722daf.jpg 297,96,317,128,0 141,208,158,294,0 255,226,276,284,0
Capture-d-ecran--328-_jpg.rf.0fcbcf4888ab2b8b0b871f025d119e92.jpg 169,208,252,302,0
Capture-d-ecran--328-_jpg.rf.1ec900db44b4ab7a65f29cf65dfaf2e8.jpg 162,211,239,300,0
Capture-d-ecran--328-_jpg.rf.43d2e52366343cf9b6113d21f531f96f.jpg 167,205,245,295,0
Capture-d-ecran--332-_jpg.rf.099e84749274814d894692dc682384c8.jpg 219,222,332,389,0
Capture-d-ecran--332-_jpg.rf.482b6bba7ccc8e6039bfd8aab7e1bfa4.jpg 64,199,196,380,0
Capture-d-ecran--332-_jpg.rf.6503e722d07939de096cd62b55496923.jpg 83,199,206,381,0
Capture-d-ecran--335-_jpg.rf.8e00d7cbacb84d5281fee2ae6d97aa15.jpg 35,174,215,417,0
Capture-d-ecran--335-_jpg.rf.9dfa9cb9bd84fbd34aff7e5a3f7fdf0c.jpg 191,179,387,417,0
Capture-d-ecran--335-_jpg.rf.a752ddfef643047d3ec14c84468ce558.jpg 17,154,209,416,0
Capture-d-ecran--336-_jpg.rf.1b2ae5e881b16a50158adb634c924f2d.jpg 192,200,262,281,0
Capture-d-ecran--336-_jpg.rf.1cb83ad647f97bc496531826d138ca8f.jpg 165,192,228,268,0
Capture-d-ecran--336-_jpg.rf.da85a152c59d96d4c692dfcb69be9176.jpg 176,213,247,296,0
Capture-d-ecran--338-_jpg.rf.3c0ab43cd8fe1fb70577353c7821cdf9.jpg 111,118,237,279,0
Capture-d-ecran--338-_jpg.rf.5f4a42884fbdf35ed429a299b89c5be3.jpg 114,140,240,298,0
Capture-d-ecran--338-_jpg.rf.987fd18821c41260cb4141e47b00edf9.jpg 168,142,291,296,0
Capture-d-ecran--345-_jpg.rf.05fd9d4a76e8756c2afc639d86d4f1bc.jpg 192,366,240,417,0 89,137,165,254,0 261,167,348,294,0 231,286,323,417,0
Capture-d-ecran--345-_jpg.rf.5313838267aa7bef0d95d0e55fd2f44d.jpg 204,399,249,417,0 63,163,131,285,0 256,170,336,301,0 248,304,328,417,0
Capture-d-ecran--345-_jpg.rf.98a522230dcb5d46311f07e0f2b51cf0.jpg 152,364,193,417,0 262,154,321,262,0 77,158,147,274,0 81,279,152,417,0
Capture-d-ecran--347-_jpg.rf.37c31647d4780128305575a214da5017.jpg 219,354,286,417,0
Capture-d-ecran--347-_jpg.rf.9c8d4497d90ebe8ca25df4a7ee4e1f7d.jpg 150,383,214,417,0
Capture-d-ecran--347-_jpg.rf.e951c9c3972027040e707bee45b97dcf.jpg 195,352,262,417,0
Capture-d-ecran--353-_jpg.rf.06405b3f4ddcd50f2a25dee9c89cfd2d.jpg 100,143,268,349,0
Capture-d-ecran--353-_jpg.rf.2a11fd356f87aca217309cd679023b00.jpg 122,118,287,317,0
Capture-d-ecran--353-_jpg.rf.77af19ee06b81a76ae1b2b9bd3c8d997.jpg 150,130,294,316,0
Capture-d-ecran--354-_jpg.rf.05398c383b5a383af8cfc8324ad12b22.jpg 207,168,297,220,0
Capture-d-ecran--354-_jpg.rf.658fcc9a42456ee106c7ca1e2c19a45f.jpg 146,153,231,200,0
Capture-d-ecran--354-_jpg.rf.9a2240593c5b310bd29272c8444a59c8.jpg 191,174,271,210,0
Capture-d-ecran--356-_jpg.rf.3a1789cde04839139736e952557300ce.jpg 171,141,290,202,0
Capture-d-ecran--356-_jpg.rf.3bb4ec2d459955dd5575476c9e51dc64.jpg 147,135,271,200,0
Capture-d-ecran--356-_jpg.rf.a6b4b8c2ad5702c7b06efdb2b6dc229b.jpg 163,131,293,209,0
Capture-d-ecran--357-_jpg.rf.2ca6e73c10b5819ca1e59380ea8e3281.jpg 21,1,417,417,0
Capture-d-ecran--357-_jpg.rf.b451b85aa54485c12bee4276cee9a5bf.jpg 26,6,414,417,0
Capture-d-ecran--357-_jpg.rf.ddc59dfa00c03a13ff8f19725fb79bcd.jpg 25,7,408,417,0
Capture-d-ecran--363-_jpg.rf.187b72c588c39ac1eb203604108151a1.jpg 100,161,270,212,0
Capture-d-ecran--363-_jpg.rf.9740ebe6efea85887b465a0743b5b78d.jpg 135,142,308,197,0
Capture-d-ecran--363-_jpg.rf.e041b0e237ada93bb526b804c900a207.jpg 142,136,320,187,0
Capture-d-ecran--367-_jpg.rf.32575758c18a145e0fb1267ed8aefda6.jpg 91,244,385,408,0
Capture-d-ecran--367-_jpg.rf.9a7e2680c0426ab6b0ef0970b287dcb8.jpg 58,236,358,417,0
Capture-d-ecran--367-_jpg.rf.ad699379d7e8b7623233e3c2485fe8a0.jpg 58,247,375,417,0
Capture-d-ecran--379-_jpg.rf.32e031f238d98f920e9c29d4e5203e9a.jpg 236,156,342,250,0
Capture-d-ecran--379-_jpg.rf.72e044d4685da1c80b19f02705be1278.jpg 74,166,182,262,0
Capture-d-ecran--379-_jpg.rf.dc56df2674cea81c00cdc69293105786.jpg 67,147,177,243,0
Capture-d-ecran--381-_jpg.rf.6eb3ada1bbbda4e2edaa90350935f5a2.jpg 67,163,183,272,0
Capture-d-ecran--381-_jpg.rf.9af296bb6a17eb432b7894765e31d9da.jpg 70,172,185,281,0
Capture-d-ecran--381-_jpg.rf.d87de6abdd18d6802045916011ffc46b.jpg 61,151,186,270,0
Capture-d-ecran--385-_jpg.rf.125e22e98997e30397bbbe0ba33a61a0.jpg 186,95,252,187,0 311,71,417,206,0
Capture-d-ecran--385-_jpg.rf.4a6b3d74e623734a3982cf2ce5e50472.jpg 211,102,273,193,0 333,117,417,248,0
Capture-d-ecran--385-_jpg.rf.98d2d99181b76cb6eee006f1c346f430.jpg 148,109,208,196,0 1,123,89,250,0
Capture-d-ecran--395-_jpg.rf.4f82030097d6048eff72120dcbecf7ed.jpg 81,144,297,227,0 298,148,380,271,0
Capture-d-ecran--395-_jpg.rf.ccd917cf02a762138c33eafeaf6ac7aa.jpg 91,148,334,260,0 1,173,98,315,0
Capture-d-ecran--395-_jpg.rf.f2c8fb343a33d412dedd480b979196a9.jpg 112,138,342,216,0 23,124,105,253,0
Capture-d-ecran--398-_jpg.rf.488bc8bacd66ac6fb700cc09a44e5c04.jpg 109,135,341,231,0
Capture-d-ecran--398-_jpg.rf.6375e6185b8f9ba3577fca0991281d27.jpg 68,135,296,258,0
Capture-d-ecran--398-_jpg.rf.7758463eb786cc1237d5d4ef136e600d.jpg 58,149,290,248,0
Capture-d-ecran--406-_jpg.rf.8473ca163dd7b8e0acf548a7fa04080e.jpg 25,133,192,239,0
Capture-d-ecran--406-_jpg.rf.a7e4d2206bb56725019a03f8b4b0c39b.jpg 43,112,207,219,0
Capture-d-ecran--406-_jpg.rf.afe9f07268fe76db2a694b6c86e61929.jpg 214,96,386,206,0
Capture-d-ecran--417-_jpg.rf.3c07de7c8941e68697c2a252c1f07c90.jpg 261,125,399,254,0 297,256,357,335,0
Capture-d-ecran--417-_jpg.rf.6dd01aec5bff67721f230e78119cb3c1.jpg 263,117,389,233,0 311,243,363,317,0
Capture-d-ecran--417-_jpg.rf.a6eb3c1694d525aefac0fafe1b57f089.jpg 261,69,401,200,0 324,204,384,285,0
Capture-d-ecran--418-_jpg.rf.0917fca404734234dc4220891300b1db.jpg 58,116,204,216,0
Capture-d-ecran--418-_jpg.rf.446e79474b938ad65e154f35b12271d2.jpg 51,113,203,218,0
Capture-d-ecran--418-_jpg.rf.783fdc63c4c42c82c5cd07e452a479d7.jpg 225,140,364,231,0
Capture-d-ecran--422-_jpg.rf.1635eaae3059fd0920ee830c3bda0834.jpg 67,120,229,212,0
Capture-d-ecran--422-_jpg.rf.7b9501826777556f96c593cd84478c41.jpg 49,135,208,229,0
Capture-d-ecran--422-_jpg.rf.b650147e6c0ec800f6e2d9ae8a4c5e34.jpg 58,142,217,234,0
Capture-d-ecran--423-_jpg.rf.8501df2c863c3a31e9d55042d87aa782.jpg 233,109,361,228,0
Capture-d-ecran--423-_jpg.rf.c65de3acf3aa413932588759301fba22.jpg 38,118,163,233,0
Capture-d-ecran--423-_jpg.rf.f969470167b7fce206f1a4bb4b3881a8.jpg 53,96,177,209,0
Capture-d-ecran--426-_jpg.rf.5936038b49ed8a4fcf508a8ed602cf8f.jpg 31,87,178,220,0
Capture-d-ecran--426-_jpg.rf.e7f590d4773b4eb2aca77c1f75ab9395.jpg 216,103,360,233,0
Capture-d-ecran--426-_jpg.rf.f3bd5e6177ffedbf375ca1cf5546fe0d.jpg 206,91,351,222,0
Capture-d-ecran--427-_jpg.rf.42da901f7acfcbaf23142805f6159873.jpg 251,102,392,224,0 314,223,416,360,0
Capture-d-ecran--427-_jpg.rf.6537fafcdd0249dbf050d7c41434e64b.jpg 240,111,380,234,0 294,230,401,365,0
Capture-d-ecran--427-_jpg.rf.88f705658f06f4cd1f6d606f9748ec21.jpg 55,108,190,222,0 13,223,111,356,0
Capture-d-ecran--440-_jpg.rf.0a4a9871a8381d63b5bd88fd21fe521b.jpg 224,112,352,226,0 354,181,417,265,0 310,216,361,258,0
Capture-d-ecran--440-_jpg.rf.269c9b12bc01998f67c8686d54b8ec50.jpg 74,102,199,212,0 1,177,71,260,0 69,210,119,250,0
Capture-d-ecran--440-_jpg.rf.e29b7f653edd7e99f4473ef1b8655358.jpg 67,120,188,226,0 1,203,73,283,0 71,227,119,266,0
Capture-d-ecran--442-_jpg.rf.6e7ee7ceeb0ed2469987f0f7e34ec058.jpg 60,113,192,224,0 7,172,62,245,0
Capture-d-ecran--442-_jpg.rf.94a31529b5cd2473d16d30d394609c61.jpg 53,134,186,248,0 12,214,69,288,0
Capture-d-ecran--442-_jpg.rf.c475035d1ecf3679858bcd9122d1a1c1.jpg 232,98,374,219,0 369,159,417,236,0
Capture-d-ecran--445-_jpg.rf.0e7a84d174b96e25697bce5d12f08bb5.jpg 2,79,188,256,0
Capture-d-ecran--445-_jpg.rf.4fc55bd69f4a0dd16bb754e9d76182db.jpg 246,93,413,250,0
Capture-d-ecran--445-_jpg.rf.99e0cefe28b059c82aac824ec3d25204.jpg 1,56,176,235,0
Capture-d-ecran--447-_jpg.rf.20434e412de2d35a9eaab609044aca58.jpg 3,115,165,268,0
Capture-d-ecran--447-_jpg.rf.78c4a2a3356cead8a417c25dc7774f1d.jpg 30,106,174,239,0
Capture-d-ecran--447-_jpg.rf.846d9e4b1d83901c4798ddd6bef4281b.jpg 10,107,169,257,0
Capture-d-ecran--448-_jpg.rf.803c0f64fbab4efc1b18d5971999c3ef.jpg 10,109,169,230,0
Capture-d-ecran--448-_jpg.rf.8b397cebfd6e4927e82a85e48c0878d4.jpg 241,121,417,265,0
Capture-d-ecran--448-_jpg.rf.c2e72253b8a497bc1a076dc17c564764.jpg 9,103,172,227,0
Capture-d-ecran--450-_jpg.rf.10df397b991b46ef66895f0966f44c05.jpg 1,102,146,273,0
Capture-d-ecran--450-_jpg.rf.5b3d652d55d950c9e9c7147cf5d6db06.jpg 256,95,417,251,0
Capture-d-ecran--450-_jpg.rf.a6f4aa723039f689aa67887b79bf1b89.jpg 249,59,417,226,0
Capture-d-ecran--452-_jpg.rf.1bbcde44e8e7108b4dafc077142b7597.jpg 1,88,167,264,0
Capture-d-ecran--452-_jpg.rf.1c3a67562a6793ec1c16401436254e54.jpg 242,90,417,273,0
Capture-d-ecran--452-_jpg.rf.c9d3bcbdf38dd92303fc32113f3f5e03.jpg 1,80,172,269,0
Capture-d-ecran--454-_jpg.rf.40536178d6bbadb63e4873a14fba7ccd.jpg 1,110,149,304,0
Capture-d-ecran--454-_jpg.rf.c1e074c6077f0559948660fff84ea71b.jpg 254,108,417,307,0
Capture-d-ecran--454-_jpg.rf.f309b9d0731918148f6a4552c8d1af72.jpg 1,96,171,300,0
Capture-d-ecran--456-_jpg.rf.01f6ea66759b8c2e704898dab82c663a.jpg 241,96,417,333,0
Capture-d-ecran--456-_jpg.rf.c29452f497fe984d5d68a0c6ccb888a3.jpg 237,72,417,309,0
Capture-d-ecran--456-_jpg.rf.e42a06397168cf5f1fd61babd227fc28.jpg 247,85,417,336,0
Capture-d-ecran--457-_jpg.rf.2f720d10bcb092805e22f19b28ddc276.jpg 1,64,185,334,0
Capture-d-ecran--457-_jpg.rf.32d86730ec363b78c4ca5ec02737d925.jpg 1,92,181,357,0
Capture-d-ecran--457-_jpg.rf.5121179c78a1f47f7d51385e3d64f542.jpg 1,82,162,361,0
Capture-d-ecran--460-_jpg.rf.3c80e5b591e67cf162ea57df5acedaff.jpg 224,75,417,347,0
Capture-d-ecran--460-_jpg.rf.4fc36be29e05bcc38a7b4b916f470e8f.jpg 205,89,417,381,0
Capture-d-ecran--460-_jpg.rf.7a2c2998123e9de188b42bb6eafd4bb2.jpg 1,69,200,340,0
Capture-d-ecran--463-_jpg.rf.4175a497a435a3064c739d8bb8ec8d8d.jpg 1,98,191,394,0
Capture-d-ecran--463-_jpg.rf.89a2623cfc54b79ceb9667e29fd63cf3.jpg 219,62,417,353,0
Capture-d-ecran--463-_jpg.rf.d1e3d2faa9d70e7675ed8a0359a0a2d5.jpg 1,80,164,367,0
Capture-d-ecran--465-_jpg.rf.6a51755744bfbc8e16c0d5a8feb91bf0.jpg 255,103,417,370,0
Capture-d-ecran--465-_jpg.rf.8cf42d7e194a6027056f85423f300972.jpg 236,111,417,391,0
Capture-d-ecran--465-_jpg.rf.bce33f127dc6a5a1ec7084f9c2efdd01.jpg 250,95,417,386,0
Capture-d-ecran--475-_jpg.rf.11dec8e404e2a5ce7e0cff8788adc883.jpg 220,203,278,224,0 257,271,267,295,0 252,305,291,338,0
Capture-d-ecran--475-_jpg.rf.94f8a259d22d87af7f49e0c3b0bbc45c.jpg 217,196,277,226,0 264,264,278,289,0 265,293,309,332,0
Capture-d-ecran--475-_jpg.rf.d8be686c6dc4c7256188df6570a87b8f.jpg 224,196,281,220,0 255,265,267,289,0 247,297,287,332,0
Capture-d-ecran--476-_jpg.rf.083bb0708dc6a7859e982255aa878014.jpg 150,206,209,237,0 155,283,165,300,0
Capture-d-ecran--476-_jpg.rf.372f0d68b7a4500c44eb6548b86fc1ea.jpg 147,195,202,221,0 145,265,154,281,0
Capture-d-ecran--476-_jpg.rf.d9e2ae855bd8c2446667b9b96ea89684.jpg 206,205,262,236,0 246,280,257,297,0
Capture-d-ecran--477-_jpg.rf.11cd296b840be7010d2a13d5d01d7cdd.jpg 214,194,260,230,0 251,320,274,368,0
Capture-d-ecran--477-_jpg.rf.c126a5995ee6bc8b2a33be1858a88620.jpg 207,187,253,223,0 261,303,286,350,0
Capture-d-ecran--477-_jpg.rf.cb343f67b2382c044ff7770c731c009b.jpg 202,201,252,241,0 225,331,253,381,0
Capture-d-ecran--478-_jpg.rf.04546ec274e6719bf7d6f7806bfe5325.jpg 162,184,209,238,0 36,161,102,226,0 107,318,145,374,0
Capture-d-ecran--478-_jpg.rf.3a16f128888010bd257e0b0d5a03ab48.jpg 215,187,263,242,0 326,199,393,265,0 237,338,276,395,0
Capture-d-ecran--478-_jpg.rf.783402e4b74cc3f13488faa63799a603.jpg 157,195,201,246,0 41,210,103,271,0 150,332,186,384,0
Capture-d-ecran--479-_jpg.rf.4d268759e1b5407045d6b12803edc67f.jpg 44,180,112,239,0 116,301,168,352,0
Capture-d-ecran--479-_jpg.rf.eb5763ed45488626db3a787fb04e2c0d.jpg 305,199,372,257,0 231,311,283,361,0
Capture-d-ecran--479-_jpg.rf.ef83e211dc0d000c2d7a8da9baf8a4d5.jpg 32,194,99,251,0 115,315,166,364,0
Capture-d-ecran--480-_jpg.rf.12729a1676f25af49d397a6678b386d9.jpg 279,201,331,248,0 149,192,263,283,0
Capture-d-ecran--480-_jpg.rf.c0281c8d8014845fc32d543e657f1579.jpg 288,169,338,213,0 155,179,267,261,0
Capture-d-ecran--480-_jpg.rf.e062e576e2e115a44c41762539d6ac1e.jpg 97,197,144,239,0 164,204,269,283,0
Capture-d-ecran--481-_jpg.rf.477ab1868f147107ec72490a3a2d2245.jpg 249,188,335,227,0 185,231,243,268,0
Capture-d-ecran--481-_jpg.rf.88c6d2f8968bd697987958ec0e876f0c.jpg 248,163,340,210,0 186,216,249,259,0
Capture-d-ecran--481-_jpg.rf.b184deb9e9c7d656516f142a24f8d442.jpg 95,192,179,234,0 185,230,242,269,0
Capture-d-ecran--482-_jpg.rf.14a1c4d7f13faff8bc98d5af81851d9f.jpg 69,198,269,276,0
Capture-d-ecran--482-_jpg.rf.1ceab11b0564c000b6520793ba16c445.jpg 56,181,267,280,0
Capture-d-ecran--482-_jpg.rf.e83929def04f03093dda12577cf28c36.jpg 131,192,338,288,0
Capture-d-ecran--483-_jpg.rf.66b7179eebe34b4c57aa346782b8dc1f.jpg 75,185,142,227,0 142,194,274,314,0
Capture-d-ecran--483-_jpg.rf.7661e5c11316eda2da9700060e0a1776.jpg 75,190,140,231,0 143,195,272,313,0
Capture-d-ecran--483-_jpg.rf.92c42021130bb8cd15ee69d82a31f325.jpg 272,178,340,222,0 143,191,279,316,0
Capture-d-ecran--484-_jpg.rf.16e2f6da37dc15fdce5283336644787a.jpg 53,172,128,223,0 120,190,269,315,0
Capture-d-ecran--484-_jpg.rf.4a3fd2d4399df8967b57476b02921ba8.jpg 292,181,370,231,0 141,195,294,321,0
Capture-d-ecran--484-_jpg.rf.897c673f850482b00fb7dc94606a135c.jpg 61,180,133,227,0 128,194,270,311,0
Capture-d-ecran--485-_jpg.rf.71aa80c8cbe9215e9891b1bae7461c49.jpg 179,195,268,309,0 79,217,148,351,0
Capture-d-ecran--485-_jpg.rf.77282ce04ceaad997fadc1654a0683f2.jpg 194,190,275,296,0 95,201,155,327,0
Capture-d-ecran--485-_jpg.rf.e0b0589535e185546b61b3a8274c15f7.jpg 199,169,284,281,0 95,183,157,317,0
Capture-d-ecran--502-_jpg.rf.212eb4a538fbb0241fd22c63bf16d80e.jpg 116,188,217,335,0
Capture-d-ecran--502-_jpg.rf.9926c1cfe1147905be85a1fc9eb8910e.jpg 202,188,298,330,0
Capture-d-ecran--502-_jpg.rf.bf74f50f374e7232d34b6b5cd133ab1e.jpg 212,181,303,325,0
Capture-d-ecran--508-_jpg.rf.2e8a4b74fb1d7b982c33e437156c64e1.jpg 126,197,198,324,0
Capture-d-ecran--508-_jpg.rf.4c1490431f24d2b6e8f67667097aa975.jpg 212,189,289,323,0
Capture-d-ecran--508-_jpg.rf.e7e72fd096f8281c08d64a6430274ef8.jpg 198,202,275,341,0
Capture-d-ecran--509-_jpg.rf.0965c83cf4fca8f29dea8b4dd1d04558.jpg 232,183,314,300,0
Capture-d-ecran--509-_jpg.rf.2b148230a0a6f6e16aeec283bb997476.jpg 207,206,295,324,0
Capture-d-ecran--509-_jpg.rf.7327c3cbf718ec91021700d3f979e6cf.jpg 223,205,303,315,0
Capture-d-ecran--510-_jpg.rf.8ace0f4a1594dba6f1c3f183cfea67dd.jpg 149,203,216,309,0
Capture-d-ecran--510-_jpg.rf.d7319a40b8e6e85b21f64ae143bd9b31.jpg 155,211,231,328,0
Capture-d-ecran--510-_jpg.rf.d9858adac8e0be9db57db07eb51e1f38.jpg 149,207,209,310,0
Capture-d-ecran--511-_jpg.rf.2d72bd03d4963e7adacd2f0b4fa32382.jpg 106,193,187,328,0
Capture-d-ecran--511-_jpg.rf.98f002d4b0eae13e0766a6139eb14b75.jpg 107,201,194,334,0
Capture-d-ecran--511-_jpg.rf.bc041a842b3afc374c24d8749bde51b4.jpg 219,203,297,332,0
Capture-d-ecran--512-_jpg.rf.3283ad0f97d7a435ad7c203af2741dbb.jpg 115,217,203,343,0
Capture-d-ecran--512-_jpg.rf.52b86a8660954fac108c5f5700629cb3.jpg 105,210,196,335,0
Capture-d-ecran--512-_jpg.rf.bbbf9a3e3bcc8998eb2f0a7afea2545b.jpg 118,224,216,352,0
Capture-d-ecran--513-_jpg.rf.945f120412a8a86d912ef002a7bceb5d.jpg 203,208,310,338,0
Capture-d-ecran--513-_jpg.rf.e017a72adb893ae581db95b9373e9e79.jpg 112,222,218,350,0
Capture-d-ecran--513-_jpg.rf.e1beda118ff9151846b5cdfd378a025b.jpg 219,197,327,326,0
Capture-d-ecran--514-_jpg.rf.0b7752eda8e6ab81c5415a3d59783102.jpg 242,230,326,336,0
Capture-d-ecran--514-_jpg.rf.3297c20fdc6fab824631e0de4507544b.jpg 229,214,320,321,0
Capture-d-ecran--514-_jpg.rf.8f8e75b869764fafbfdc625dc1464f2f.jpg 116,237,206,346,0
Capture-d-ecran--515-_jpg.rf.00b9bfab9e1d95db36275d4146d1f7e8.jpg 111,215,213,337,0
Capture-d-ecran--515-_jpg.rf.0febb2d1c6053d6a30e29585122f6fdb.jpg 220,223,325,351,0
Capture-d-ecran--515-_jpg.rf.18a04e25656a7fcc3e2e5520b7ba523e.jpg 192,208,309,344,0
Capture-d-ecran--516-_jpg.rf.725204f2503a8f71e06bd7d7e9b1a743.jpg 215,224,310,336,0
Capture-d-ecran--516-_jpg.rf.7704652a428eb56e0b3ec94f887f3383.jpg 199,226,299,341,0
Capture-d-ecran--516-_jpg.rf.9adeac032dcd382f6e37ad2ee1dcb783.jpg 214,215,314,330,0
Capture-d-ecran--517-_jpg.rf.a3f9ed8e5694ca5eceb742be2cb1b5cc.jpg 222,233,309,336,0
Capture-d-ecran--517-_jpg.rf.ccf6a468bd4a70a075438c89ec5d0231.jpg 113,235,195,333,0
Capture-d-ecran--517-_jpg.rf.fddbb212bf6960b8b4c7b15152b83a96.jpg 104,230,193,333,0
Capture-d-ecran--534-_jpg.rf.3da62594b42489e69267ac5f651ea1b4.jpg 110,254,159,308,0
Capture-d-ecran--534-_jpg.rf.8cede0998d50fbbbccf7b1d91e118623.jpg 265,248,314,301,0
Capture-d-ecran--534-_jpg.rf.bd126e6fed49d774e87ee0d791def379.jpg 117,258,172,316,0
Capture-d-ecran--536-_jpg.rf.7803fca354069e3e226ca1519108da46.jpg 230,272,295,322,0
Capture-d-ecran--536-_jpg.rf.7a6c67cfe42abfba1f51072ea3aad96c.jpg 125,246,196,302,0
Capture-d-ecran--536-_jpg.rf.9f5a60f68f228f4502c442cf577f06f9.jpg 104,254,173,309,0
Capture-d-ecran--538-_jpg.rf.14e5fce960a15a7fcdcdb311c34179c2.jpg 220,256,296,316,0
Capture-d-ecran--538-_jpg.rf.33afc4d8f684d5dd6e1bd7d00eb433b9.jpg 223,242,299,302,0
Capture-d-ecran--538-_jpg.rf.baa1bcf6ad5c1f96d9d1431fe036d83c.jpg 231,249,304,306,0
Capture-d-ecran--567-_jpg.rf.55eec39a9a3a9230ea244abde8143cf4.jpg 1,14,198,217,0
Capture-d-ecran--567-_jpg.rf.759ad9637bc50face8750a3c2ca53ca6.jpg 227,24,417,214,0
Capture-d-ecran--567-_jpg.rf.be3799a5c36a35bd5712e23b0d7697e3.jpg 232,23,417,237,0
Capture-d-ecran--571-_jpg.rf.531b6b49c1d309e13b5b68c1ca8ec126.jpg 237,17,417,214,0 1,237,56,323,0
Capture-d-ecran--571-_jpg.rf.6c687696648eb0b369cdcaa483776d9a.jpg 1,41,168,236,0 343,235,417,323,0
Capture-d-ecran--571-_jpg.rf.8a24f2c5bfe0c2e35efb5b124734c0ca.jpg 8,1,201,174,0 319,274,408,363,0
Capture-d-ecran--573-_jpg.rf.a7c4a52341e3e21e1815bcfb003cc508.jpg 288,194,320,242,0 247,234,273,295,0
Capture-d-ecran--573-_jpg.rf.b251259b99a320006f50286dba9e5dbb.jpg 264,186,292,230,0 226,222,248,278,0
Capture-d-ecran--573-_jpg.rf.c3c00e48e758b5230b78da583184597f.jpg 99,196,131,243,0 142,236,169,296,0
Capture-d-ecran--574-_jpg.rf.0d85ed273dba033d7087823e6bd91ee5.jpg 86,193,141,265,0 140,210,174,264,0
Capture-d-ecran--574-_jpg.rf.628f510bd72d5aab768064109cd71d5f.jpg 270,230,325,303,0 235,235,269,289,0
Capture-d-ecran--574-_jpg.rf.d1ce3d52eb50324f79a8ec4b4657ed3c.jpg 103,206,158,279,0 157,224,192,279,0
Capture-d-ecran--575-_jpg.rf.27ee5886ca809606eb84ea80412b61d7.jpg 262,201,296,320,0 198,292,259,362,0
Capture-d-ecran--575-_jpg.rf.7bdcedf2b4b78a02bdb66f223d918da2.jpg 270,176,317,304,0 221,283,292,362,0
Capture-d-ecran--575-_jpg.rf.e18b2f5bb311cd6ab47c877f03d87ce4.jpg 100,186,143,309,0 124,288,192,364,0
Capture-d-ecran--576-_jpg.rf.7bcdf987f218af99fb7a5cd09268f492.jpg 227,218,306,372,0 166,307,249,412,0
Capture-d-ecran--576-_jpg.rf.99a1163ccaff429b33f6894fcc17d87c.jpg 114,201,180,341,0 162,287,234,381,0
Capture-d-ecran--576-_jpg.rf.aa5ba751385008c1d07dd9c5b0b3480a.jpg 239,203,297,346,0 186,298,254,392,0
Capture-d-ecran--594-_jpg.rf.99c0f0d67c63639808a84b89584e04f7.jpg 181,122,224,186,0
Capture-d-ecran--594-_jpg.rf.9eddac3b1c38296250e808a29fccc99c.jpg 175,133,220,198,0
Capture-d-ecran--594-_jpg.rf.c86d7865e4cf3094a1f013016aed02ef.jpg 207,127,243,184,0
Capture-d-ecran--595-_jpg.rf.29ba8d67d0f651009c7f4baf33fe3383.jpg 173,128,239,182,0
Capture-d-ecran--595-_jpg.rf.42f3bf117d8b17c73ae5262f3e4eee61.jpg 181,125,252,184,0
Capture-d-ecran--595-_jpg.rf.7927309c13457f030d66fb6967dd7732.jpg 173,132,248,196,0
Capture-d-ecran--597-_jpg.rf.01bb3f21b931a0c6c19c7dc1d939daf9.jpg 121,117,193,212,0
Capture-d-ecran--597-_jpg.rf.9c2798bb3a315b0bb8f78dc500a59f0a.jpg 205,115,275,207,0
Capture-d-ecran--597-_jpg.rf.cfe6d527d29382c50c1a6981464c7711.jpg 210,116,280,210,0
Capture-d-ecran--598-_jpg.rf.27f6d1a57bfeb354f49b3cfd8ab34117.jpg 154,124,249,190,0
Capture-d-ecran--598-_jpg.rf.519e7437299aa9deb1df662b027929b2.jpg 147,115,238,179,0
Capture-d-ecran--598-_jpg.rf.97655e255afa237297bc09d4f9982c76.jpg 158,111,251,176,0
Capture-d-ecran--599-_jpg.rf.25e10e0cb596f23dcbac14fad7be0846.jpg 171,112,245,207,0
Capture-d-ecran--599-_jpg.rf.2d580e51180d939a44a63a8b912491d6.jpg 160,117,236,215,0
Capture-d-ecran--599-_jpg.rf.cea1ea4dd12fcb9ff5c3815a203467eb.jpg 173,123,254,223,0
Capture-d-ecran--602-_jpg.rf.001e2cc6b2c890a7feea9be0df81bd4a.jpg 114,118,229,263,0
Capture-d-ecran--602-_jpg.rf.9e5c672f5527ac395b08b234f7c658a2.jpg 118,138,236,284,0
Capture-d-ecran--602-_jpg.rf.fa2d388ae9896a8e9d94cf79596c863c.jpg 111,135,228,280,0
Capture-d-ecran--604-_jpg.rf.3c42aab594a81a4bc892b90241d45aeb.jpg 104,108,217,264,0
Capture-d-ecran--604-_jpg.rf.e3a40ac5d555c5de1bf12d4b4e4aa95a.jpg 130,105,237,256,0
Capture-d-ecran--604-_jpg.rf.f9e1ec43f1afcda5f129788dbcde97ed.jpg 115,99,223,252,0
Capture-d-ecran--606-_jpg.rf.30fd5129d01affcc7d97c4bf2f27d317.jpg 135,118,177,171,0 176,131,279,298,0
Capture-d-ecran--606-_jpg.rf.8be8b352cadee157319ae0d91a042460.jpg 231,115,271,165,0 135,127,232,285,0
Capture-d-ecran--606-_jpg.rf.ec8048ac727316440a39889f4ffd7d86.jpg 223,90,267,144,0 120,104,228,276,0
Capture-d-ecran--607-_jpg.rf.7facff573f5ddad2e202291b938c8662.jpg 215,78,288,163,0 110,114,236,304,0
Capture-d-ecran--607-_jpg.rf.b15e972dbd68cb2d9a67f2ff759bf70a.jpg 108,87,185,175,0 179,98,313,292,0
Capture-d-ecran--607-_jpg.rf.da4cc683b6d80f8b78a87880b9342393.jpg 92,88,166,176,0 164,111,290,308,0
Capture-d-ecran--611-_jpg.rf.0ddfd3073ffd7925c7cea2486fb32ff1.jpg 117,101,274,278,0
Capture-d-ecran--611-_jpg.rf.956ea086e29f888e424c5e6f91b3077e.jpg 149,102,303,277,0
Capture-d-ecran--611-_jpg.rf.b86e91b10feadff41baa284f8c4d6383.jpg 110,109,267,285,0
Capture-d-ecran--612-_jpg.rf.24179eed71e418c76ce86835c6184960.jpg 19,63,308,407,0
Capture-d-ecran--612-_jpg.rf.34c6411e9c277341084613918a241aef.jpg 24,41,295,375,0
Capture-d-ecran--612-_jpg.rf.fe730eafb5943b4e4b8a46b2d4bae740.jpg 31,65,298,387,0
Capture-d-ecran--613-_jpg.rf.66b6e5434287f5897d87f796204ef397.jpg 116,1,333,205,0
Capture-d-ecran--613-_jpg.rf.cb321c4fcebd020a54066a5f25f8950f.jpg 100,1,317,203,0
Capture-d-ecran--613-_jpg.rf.eaf2d4eba0e9e3b9c4d2909b4a106019.jpg 107,4,320,204,0
Capture-d-ecran--615-_jpg.rf.4204db7d51172c7e9c66003adaa1ac79.jpg 111,239,136,270,0 156,241,177,275,0 210,322,255,359,0 306,315,372,369,0
Capture-d-ecran--615-_jpg.rf.6ae4e085baca415e06324200ea05793d.jpg 113,227,136,257,0 158,233,177,266,0 205,318,248,353,0 300,319,363,369,0
Capture-d-ecran--615-_jpg.rf.8e8c823cbd6661e31bf6e7d0f5a73e75.jpg 282,208,306,239,0 243,224,264,257,0 193,320,237,357,0 81,344,147,397,0
Capture-d-ecran--616-_jpg.rf.489e46d4838fc795fa8c2fbd4c6134ad.jpg 302,352,359,409,0 254,235,308,258,0 108,255,140,302,0 157,253,180,305,0 141,343,186,394,0 209,356,245,391,0
Capture-d-ecran--616-_jpg.rf.52077789c9af3197bcce35ce0469e2d4.jpg 46,339,110,403,0 112,219,170,247,0 287,251,324,303,0 244,247,272,304,0 231,342,283,399,0 169,352,209,391,0
Capture-d-ecran--616-_jpg.rf.94854a8f5affd76360276b36e1856cb6.jpg 91,366,150,417,0 123,240,179,265,0 299,235,332,284,0 257,240,282,295,0 266,331,314,384,0 207,355,244,391,0
Capture-d-ecran--617-_jpg.rf.596517d1e9e451c62a4e12739a1231d8.jpg 169,381,210,417,0 264,398,323,417,0 216,253,306,303,0 27,196,179,397,0 184,310,225,366,0
Capture-d-ecran--617-_jpg.rf.68613e981479eac8d9a91f0f1caf5714.jpg 192,398,230,417,0 290,406,347,417,0 226,263,314,305,0 43,223,180,415,0 201,324,238,378,0
Capture-d-ecran--617-_jpg.rf.8cd82bdd9a1572f04356870ec9f89f01.jpg 204,388,243,417,0 301,378,359,409,0 217,245,306,291,0 40,228,184,417,0 203,314,242,369,0
Capture-d-ecran--618-_jpg.rf.b793d22a06fd58087dc77778168f2415.jpg 122,110,396,417,0
Capture-d-ecran--618-_jpg.rf.db6381d33d7eceaad644f403ab7febf5.jpg 55,123,304,408,0
Capture-d-ecran--618-_jpg.rf.ffdc9a82bcbf4fc26f6efd16fc45144f.jpg 67,133,289,395,0
Capture-d-ecran--619-_jpg.rf.d9b7318d9be0d0bc6041d7b4208c0a77.jpg 12,107,325,417,0
Capture-d-ecran--619-_jpg.rf.dbd9d66d329b864c5cc567f73675a966.jpg 61,122,372,417,0
Capture-d-ecran--619-_jpg.rf.df2ba51d9a26259c18eaf2f1a9a3b599.jpg 42,119,352,417,0
Capture-d-ecran--620-_jpg.rf.35de42e83e307eb9b7183a61ddc5a759.jpg 46,136,333,417,0
Capture-d-ecran--620-_jpg.rf.7ffc06b65c3b19404cbb6c7b258123d9.jpg 106,133,403,417,0
Capture-d-ecran--620-_jpg.rf.a6de3812f372fbe4f339ae09b33e58a9.jpg 15,130,316,417,0
Capture-d-ecran--622-_jpg.rf.0ea58fc98cb70f27014fe7a33a9a20a3.jpg 79,195,243,313,0
Capture-d-ecran--622-_jpg.rf.3ab7e289cfe9cbdd4b88d8991813ce5a.jpg 168,207,330,325,0
Capture-d-ecran--622-_jpg.rf.8c7da1339969a883146d69f99b1e2b04.jpg 85,204,254,330,0
Capture-d-ecran--625-_jpg.rf.1fbcec26e4480546d37b88af50dd767e.jpg 124,138,208,193,0 126,212,188,254,0
Capture-d-ecran--625-_jpg.rf.2320acfd0833b3beab69aece9197d0aa.jpg 137,143,217,196,0 140,213,199,254,0
Capture-d-ecran--625-_jpg.rf.5475420edd905f52dd05a58aed8f0617.jpg 203,144,286,202,0 217,214,278,258,0
Capture-d-ecran--626-_jpg.rf.1dbe6ec4007bb80dad7715fa43f58420.jpg 109,1,345,192,0 251,345,408,416,0
Capture-d-ecran--626-_jpg.rf.94f2035685f5e615cee07e6bf5235f90.jpg 132,1,384,198,0 233,349,398,417,0
Capture-d-ecran--626-_jpg.rf.a5402464fdf9b224152202624df737c0.jpg 130,1,367,201,0 229,344,384,417,0
Capture-d-ecran--627-_jpg.rf.20dc8ca506525b86b808f1cdb5e7a240.jpg 147,37,204,113,0 168,107,241,249,0 193,269,238,343,0 162,291,194,337,0
Capture-d-ecran--627-_jpg.rf.4e21d9e4bd760b10dd0660cda2a2f74d.jpg 166,25,216,97,0 179,99,237,239,0 184,266,222,338,0 150,283,178,327,0
Capture-d-ecran--627-_jpg.rf.542fc47b7585e76725aed316041f9002.jpg 174,29,229,103,0 170,100,241,239,0 163,258,207,330,0 132,270,163,315,0
Capture-d-ecran--629-_jpg.rf.60a7d28f292be51378dd289bf9ae1f04.jpg 163,84,280,259,0 214,254,298,396,0
Capture-d-ecran--629-_jpg.rf.a186a841bed9673c7afd4d1225e4d756.jpg 165,85,277,263,0 189,268,268,414,0
Capture-d-ecran--629-_jpg.rf.ba4643b7f291a13f78d315e5e007cc4e.jpg 153,66,263,246,0 189,253,266,401,0
Capture-d-ecran--630-_jpg.rf.dd22086ad16c01d22032351ef505acea.jpg 118,93,265,405,0
Capture-d-ecran--630-_jpg.rf.e193943d5880fdf06f0fdc76d2cfadba.jpg 157,103,281,401,0
Capture-d-ecran--630-_jpg.rf.fcac8b3658fb60b99bfc980012928e87.jpg 136,93,259,399,0
Capture-d-ecran--631-_jpg.rf.3227f04ab721d1b115ae0ff0bbb9c9e2.jpg 153,190,231,261,0
Capture-d-ecran--631-_jpg.rf.3c71ceb1d0e2280cee56becce1c6a29b.jpg 129,211,207,280,0
Capture-d-ecran--631-_jpg.rf.79f65b4f4ae85ef93af4234936a75112.jpg 187,206,263,274,0
Capture-d-ecran--632-_jpg.rf.285d26fa7b4c05d37d04fa37559e2453.jpg 169,1,319,162,0 158,219,274,317,0
Capture-d-ecran--632-_jpg.rf.6b4a830f829da6e1577dcbd5c901f833.jpg 143,1,310,158,0 137,218,267,329,0
Capture-d-ecran--632-_jpg.rf.8b02007c01d1674f51de1a34873a3471.jpg 122,1,280,156,0 166,213,287,316,0
Capture-d-ecran--633-_jpg.rf.00b56e0c8f8ad906c6a297a9dab6e6f6.jpg 155,97,241,166,0 161,169,193,224,0
Capture-d-ecran--633-_jpg.rf.0decea488e65253b4c34dd53adb3b9fa.jpg 145,76,240,155,0 211,147,249,207,0
Capture-d-ecran--633-_jpg.rf.8954b8027f775a93c447016d8c29f05e.jpg 165,99,252,166,0 165,170,195,227,0
Capture-d-ecran--635-_jpg.rf.817ac52d6c3f94b69e7b752718ce0838.jpg 108,1,275,269,0
Capture-d-ecran--635-_jpg.rf.c9a60490ff9a19d71d17c3da8d828583.jpg 144,1,309,277,0
Capture-d-ecran--635-_jpg.rf.feba6cffca5d9284a91e27b4b5dc3a3a.jpg 128,1,288,264,0
Capture-d-ecran--636-_jpg.rf.0d02faa4bc0c870bd3335a5946bfd241.jpg 230,135,254,157,0 179,159,188,185,0 138,197,146,225,0
Capture-d-ecran--636-_jpg.rf.63292fadfd99c45411c9dc94c42e63c5.jpg 160,140,186,164,0 227,159,239,185,0 273,192,283,221,0
Capture-d-ecran--636-_jpg.rf.67e146684b35324663c1dea5a72bac38.jpg 242,129,268,153,0 188,153,198,180,0 144,191,153,220,0
Capture-d-ecran--638-_jpg.rf.1c927a2b61b0b183cb4e508073f1687f.jpg 140,129,159,149,0 178,167,199,198,0 182,187,199,201,0 117,200,140,232,0 225,272,249,298,0
Capture-d-ecran--638-_jpg.rf.98687d0a2fc45ac9e9b58a067eeb8278.jpg 277,141,295,160,0 227,166,246,197,0 224,185,240,199,0 274,215,295,246,0 151,254,174,278,0
Capture-d-ecran--638-_jpg.rf.b069785ca4d56e43d5086a61ad94beb8.jpg 254,133,272,152,0 215,168,235,199,0 215,188,231,202,0 271,202,293,233,0 165,271,188,295,0
Capture-d-ecran--639-_jpg.rf.2721ed29419af75cb28332f14ff6cc97.jpg 260,99,270,135,0 256,170,268,197,0
Capture-d-ecran--639-_jpg.rf.56475c6eaec09fad901025d0330140a4.jpg 251,94,263,134,0 243,171,258,201,0
Capture-d-ecran--639-_jpg.rf.c1a7034f651919402502afdd743e2efd.jpg 244,94,256,130,0 250,164,263,191,0
Capture-d-ecran--641-_jpg.rf.5ce2304c6addcd5cc05908a30566b32c.jpg 263,107,278,141,0 256,171,270,200,0
Capture-d-ecran--641-_jpg.rf.5f5830bb14bf657342d0ff239b98a3ed.jpg 159,115,170,149,0 159,181,169,209,0
Capture-d-ecran--641-_jpg.rf.bdea51b95e59ee551ac73998c1898c91.jpg 181,81,198,117,0 171,147,186,178,0
Capture-d-ecran--642-_jpg.rf.067bcba0ba6aa8905d64dd9324b18fe3.jpg 264,36,364,67,0 66,286,97,321,0
Capture-d-ecran--642-_jpg.rf.e8a452717612cdd9648fa2576180bcc8.jpg 272,57,367,92,0 26,226,57,261,0
Capture-d-ecran--642-_jpg.rf.f9cb09cb39a74951d17ead37b95075aa.jpg 55,18,154,40,0 344,243,372,276,0
Capture-d-ecran--643-_jpg.rf.1306158a55e09cbf4be6c5ce25a50d07.jpg 210,151,251,198,0 169,230,189,290,0 229,289,260,322,0
Capture-d-ecran--643-_jpg.rf.33220f2da90d440b08c517a164a4727a.jpg 196,162,238,208,0 165,242,187,299,0 226,291,258,323,0
Capture-d-ecran--643-_jpg.rf.37fd01e455de258fd2b7ea66c33fdaba.jpg 172,162,213,208,0 235,235,256,293,0 170,294,201,326,0
Capture-d-ecran--644-_jpg.rf.65f8189d3c6d19e67e9dd43f7955cedb.jpg 189,128,224,181,0 119,145,166,227,0 223,234,256,295,0
Capture-d-ecran--644-_jpg.rf.948c6d702b51a4779306965e5f2ee280.jpg 198,110,230,165,0 121,121,162,206,0 222,227,252,291,0
Capture-d-ecran--644-_jpg.rf.9c87669ccba1a3830c10a8ab39ddb069.jpg 181,103,214,159,0 102,109,144,196,0 198,223,228,288,0
Capture-d-ecran--645-_jpg.rf.3ca26bacdf2259beacb65543313f3de6.jpg 137,166,197,282,0 251,235,282,295,0
Capture-d-ecran--645-_jpg.rf.805283c7fadf1279fc20a38add9f0f8b.jpg 131,160,185,276,0 244,237,272,297,0
Capture-d-ecran--645-_jpg.rf.996bcc0497f35538082cdb3b91dad5bf.jpg 231,168,291,287,0 148,250,180,312,0
Capture-d-ecran--647-_jpg.rf.2c742f3a929228849c0af5ccc6cd68ba.jpg 210,119,249,216,0 221,219,262,301,0 178,305,224,329,0
Capture-d-ecran--647-_jpg.rf.3be016ea280196d34e2cb5ae13f0305d.jpg 169,122,205,215,0 159,218,197,297,0 195,301,239,323,0
Capture-d-ecran--647-_jpg.rf.9cddee3cf6ebfe3c610b3fdeb2075423.jpg 168,125,195,219,0 166,224,197,302,0 206,305,250,324,0
Capture-d-ecran--648-_jpg.rf.221448d88b3d110b42b8079b97dac519.jpg 147,159,226,249,0
Capture-d-ecran--648-_jpg.rf.aaed78a6f78fb93da307636c2b5945af.jpg 186,147,266,238,0
Capture-d-ecran--648-_jpg.rf.f8ca27fac7b0f693d7ddaff57777af39.jpg 184,148,266,240,0
Capture-d-ecran--649-_jpg.rf.0ae9fb84bc13d0553f497459c654ef37.jpg 152,4,256,141,0 267,161,297,242,0 170,179,203,247,0
Capture-d-ecran--649-_jpg.rf.92f526420077c58d65d64b8905d2a3b6.jpg 168,22,271,158,0 254,191,283,271,0 158,189,190,257,0
Capture-d-ecran--649-_jpg.rf.ec0012a3ade6de8d49a42ecbcf8941e5.jpg 168,9,280,150,0 120,161,155,243,0 213,186,250,256,0
Capture-d-ecran--650-_jpg.rf.08bc36542b6016c728997676e5313e73.jpg 139,107,199,146,0
Capture-d-ecran--650-_jpg.rf.416fe497865ba75427b5d06e03972ae3.jpg 189,132,242,166,0
Capture-d-ecran--650-_jpg.rf.a49cc12e5323fb36505b9e393b6d22d0.jpg 192,135,244,166,0
Capture-d-ecran--652-_jpg.rf.12a058f8bf1a40d9d8c7d70b2bac9c5e.jpg 161,72,269,351,0
Capture-d-ecran--652-_jpg.rf.320c9d923b00ebe5259e27691ec318be.jpg 156,46,277,347,0
Capture-d-ecran--652-_jpg.rf.63b662a841a5dda497b428e314c5a943.jpg 141,41,291,358,0
Capture-d-ecran--653-_jpg.rf.4301142f1bcee21a3169ccb2c6b3809f.jpg 21,164,85,202,0 114,189,191,319,0 219,197,296,328,0 322,208,399,343,0
Capture-d-ecran--653-_jpg.rf.888a6b22fa485b7076e3f6945cdef186.jpg 29,162,99,206,0 119,196,208,337,0 229,212,318,354,0 335,230,415,376,0
Capture-d-ecran--653-_jpg.rf.df9f9d30312cb4492c1b5c8bb8ae0c29.jpg 331,154,399,197,0 222,186,308,324,0 113,200,199,340,0 8,216,94,360,0
Capture-d-ecran--654-_jpg.rf.7f3ab25739dccea619f1f7a79b19ecc6.jpg 25,177,89,210,0 116,193,191,312,0 223,191,287,320,0 324,203,391,326,0
Capture-d-ecran--654-_jpg.rf.84d700f34ab79b2c06eab725854ba996.jpg 26,171,93,205,0 123,184,200,307,0 234,178,300,312,0 339,187,409,314,0
Capture-d-ecran--654-_jpg.rf.f048f9aa082cc9018c9584569bfd7653.jpg 331,160,399,196,0 227,181,310,306,0 129,185,201,320,0 23,202,98,331,0
Capture-d-ecran--657-_jpg.rf.1119eb2cc4cad0edd047337955873c51.jpg 155,7,213,89,0
Capture-d-ecran--657-_jpg.rf.2a0c9ca53f519e03566cb8eecbb629b7.jpg 161,1,221,84,0
Capture-d-ecran--657-_jpg.rf.6e9b514a0662fe2e40f9cd79aeef596b.jpg 185,1,253,83,0
Capture-d-ecran--658-_jpg.rf.7c29aa307261b7952a7663f3fb2f7f29.jpg 215,37,295,188,0
Capture-d-ecran--658-_jpg.rf.88a5a7bdb4189b73c770c6efa45b9e73.jpg 115,30,186,184,0
Capture-d-ecran--658-_jpg.rf.eec633239dbfb37501ea3eb2bd487f61.jpg 159,35,224,190,0
Capture-d-ecran--662-_jpg.rf.8744cd7d0a91fac76fee80765e625c03.jpg 139,125,203,237,0
Capture-d-ecran--662-_jpg.rf.93a55d92f31a784aaba64d59d151bfac.jpg 143,138,198,245,0
Capture-d-ecran--662-_jpg.rf.c040028a79b66e4482b59600c6091df8.jpg 212,143,285,264,0
Capture-d-ecran--665-_jpg.rf.30ceb47bf3bbaec6a56b1bef8ed0753f.jpg 145,60,252,238,0
Capture-d-ecran--665-_jpg.rf.b0994e8fc3361ec90bbf73684a092a17.jpg 142,63,236,235,0
Capture-d-ecran--665-_jpg.rf.be8fdbd75f0723d5ea50c4221da421c0.jpg 147,67,236,235,0
Capture-d-ecran--666-_jpg.rf.0980a2f1fda425d62979fa4db8003ac7.jpg 123,189,168,272,0
Capture-d-ecran--666-_jpg.rf.8f044984723cf96fa9ba0bebdd900d14.jpg 234,190,281,271,0
Capture-d-ecran--666-_jpg.rf.e36ac1930a772878a51e64b3edf8c267.jpg 243,192,287,272,0
Capture-d-ecran--668-_jpg.rf.2772203066cf81eef3ecddc3db2f6b2b.jpg 218,33,376,164,0
Capture-d-ecran--668-_jpg.rf.a2e36e77818125e30c3b203d3a328035.jpg 31,71,180,196,0
Capture-d-ecran--668-_jpg.rf.ee5e8b285a38057aea8ba5519571f54f.jpg 57,37,212,160,0
Capture-d-ecran--669-_jpg.rf.7f9aeca09b6a18b3d5c8142dfa0e5cc2.jpg 311,49,347,137,0 247,51,293,168,0
Capture-d-ecran--669-_jpg.rf.9249bf50fb7a4e0f9a6621da991b5648.jpg 323,56,370,151,0 252,51,313,178,0
Capture-d-ecran--669-_jpg.rf.f1c63d67fe1a50e446a13972f21c3f44.jpg 329,55,376,149,0 260,50,320,176,0
Capture-d-ecran--671-_jpg.rf.8ffb87d1dfb097a34978ffe09cb82624.jpg 157,1,223,38,0 146,228,197,292,0
Capture-d-ecran--671-_jpg.rf.bf6c62c5334e19fb5367c20d882780a7.jpg 203,12,266,68,0 214,238,263,298,0
Capture-d-ecran--671-_jpg.rf.d8ad887793452001bdd67c97c9860e9f.jpg 181,10,242,63,0 149,231,195,289,0
Capture-d-ecran--672-_jpg.rf.20b7eb58727bf09ca7275d40e56233c5.jpg 202,214,266,269,0
Capture-d-ecran--672-_jpg.rf.54d34ee4dfc9e207155aa5a640498b0f.jpg 223,194,291,254,0
Capture-d-ecran--672-_jpg.rf.b480a6ddd2462a2729e55a518e855b37.jpg 136,206,198,259,0
Capture-d-ecran--675-_jpg.rf.3efab5917c8924df991c4d97d99e9b1a.jpg 206,174,254,231,0
Capture-d-ecran--675-_jpg.rf.3f5297d3d546517c028797abc3989301.jpg 205,159,254,216,0
Capture-d-ecran--675-_jpg.rf.8f1a8f84b799c7a97fa53d95ef0ffc05.jpg 165,180,209,234,0
Capture-d-ecran--676-_jpg.rf.073bcb6a556c484f378e12cea51ec847.jpg 136,11,198,104,0 205,83,253,161,0 177,164,215,222,0
Capture-d-ecran--676-_jpg.rf.3b3c38e1dc70f98d0f4eb6859e19e1a4.jpg 249,9,311,106,0 176,66,222,148,0 195,159,233,220,0
Capture-d-ecran--676-_jpg.rf.be8da45163ee48b37706f6b59b281a52.jpg 262,21,318,113,0 193,80,234,158,0 215,169,249,226,0
Capture-d-ecran--678-_jpg.rf.0febd7cc3e002a69344c57ca9d2beb86.jpg 244,233,279,261,0 209,1,264,67,0
Capture-d-ecran--678-_jpg.rf.54165e3e894b1c2c26e7dccd1fe75fce.jpg 230,227,265,255,0 190,1,246,63,0
Capture-d-ecran--678-_jpg.rf.e220e4009dfef3c2b5d6fabad4a010ad.jpg 153,234,186,260,0 154,1,205,73,0
Capture-d-ecran--682-_jpg.rf.1915e45f646f70a94a94a7eed4b682d2.jpg 118,1,395,392,0
Capture-d-ecran--682-_jpg.rf.1fa95bf42b1185732d4a6677e4e2e845.jpg 112,1,375,364,0
Capture-d-ecran--682-_jpg.rf.218bb87203766025dee227f5b77a4557.jpg 115,1,382,383,0
cTtW0B3_jpg.rf.5f611954d98537fde908de256d93471e.jpg 61,159,157,281,0 206,69,268,169,0
cTtW0B3_jpg.rf.6075ed69e531fde60e2bc5d38f92aa7a.jpg 273,176,350,282,0 181,74,228,163,0
cTtW0B3_jpg.rf.f4f191317f50ab2f0a87e12b31878646.jpg 278,172,371,295,0 168,68,227,170,0
cv8id8asdfc41_jpg.rf.9ac3eb08e40d7097ac53b183605f6bdc.jpg 54,148,262,278,0
cv8id8asdfc41_jpg.rf.a78431f3b9979462685a9d3339465823.jpg 63,146,279,288,0
cv8id8asdfc41_jpg.rf.c0435ef9438ad72c6bb9d5cfad70172a.jpg 150,135,353,264,0
d762d60aecc932573660d84932716e96_jpg.rf.3139f1ac47b4271bac74717b6843a0dc.jpg 172,89,251,169,0 227,182,319,274,0
d762d60aecc932573660d84932716e96_jpg.rf.f75cc1901503423ca3e8be4a70af7662.jpg 183,95,276,188,0 131,199,239,307,0
d762d60aecc932573660d84932716e96_jpg.rf.fc22eb210220c4da9270a4b27d5fecb5.jpg 165,74,249,159,0 226,164,324,262,0
DSC02151-JPG-3be35b50b2324f9b7f86b82be85ae3c5_JPG.rf.6dd72bd3b352298f0bf14370a0b9b6ab.jpg 46,33,406,285,0
DSC02151-JPG-3be35b50b2324f9b7f86b82be85ae3c5_JPG.rf.8651f409da4807084de5318e17930412.jpg 28,34,388,286,0
DSC02151-JPG-3be35b50b2324f9b7f86b82be85ae3c5_JPG.rf.aa784d2b232900a332d42a961d15ec93.jpg 13,27,368,281,0
DYWKrIBVQAAORHW_jpg.rf.bf1deb93e4a850cc0fd29a36bc6c4fd2.jpg 7,1,417,409,0
DYWKrIBVQAAORHW_jpg.rf.f2cff38274ce03482c69f43225479dd3.jpg 1,1,417,390,0
DYWKrIBVQAAORHW_jpg.rf.f8ea5182ae2b8d1e2b085ab1fcf01f1d.jpg 16,8,412,383,0
e29d7afc12e4d54fae4b5b08b9858f11-failedprint2_img_5eb0af2d67ead_jpg.rf.7fa24b30a6515658104992089d5036a9.jpg 251,158,417,347,0 56,195,245,399,0
e29d7afc12e4d54fae4b5b08b9858f11-failedprint2_img_5eb0af2d67ead_jpg.rf.80875424565722128fcbb68c4002584d.jpg 254,135,417,331,0 72,191,271,403,0
e29d7afc12e4d54fae4b5b08b9858f11-failedprint2_img_5eb0af2d67ead_jpg.rf.ab1f094d15b120b399656716601a982f.jpg 1,132,150,330,0 143,183,344,399,0
e5m7gad2muy41_jpg.rf.690b942211f16e278e35aa47d7d19413.jpg 240,138,331,178,0 220,189,259,244,0 132,248,189,294,0 268,88,342,126,0
e5m7gad2muy41_jpg.rf.95df3a8263ed552bc9df053bed2b7300.jpg 85,115,179,167,0 147,176,193,235,0 208,243,271,296,0 81,64,159,111,0
e5m7gad2muy41_jpg.rf.d74e909a23f7ea3790e28de993dec984.jpg 258,126,352,168,0 233,176,275,233,0 141,232,201,280,0 290,74,367,114,0
f1017e1e83f3e7c55df5cade7c2353ba_jpg.rf.144e0839f1eb36f38f8273f0656180ce.jpg 1,167,274,417,0
f1017e1e83f3e7c55df5cade7c2353ba_jpg.rf.56a2dfcdd345b7e0af6ce44d14144d32.jpg 1,152,242,417,0
f1017e1e83f3e7c55df5cade7c2353ba_jpg.rf.c4d635bae730fedbf992b9c559ff1e7e.jpg 162,141,417,411,0
f2_800x400_jpg.rf.00ed30f7cbb61e277ef4ed487217f216.jpg 49,48,367,271,0
f2_800x400_jpg.rf.07461846ca94f3a5370802ee6b01af82.jpg 52,49,371,286,0
f2_800x400_jpg.rf.3758932b9531aae78fbe639868d5e693.jpg 48,47,368,276,0
failed-print-head4er_jpg.rf.4bc43d268f83511829bfc68c93e944f5.jpg 109,276,211,406,0 239,278,343,415,0
failed-print-head4er_jpg.rf.57b8f82944c4cce9d338705ee99f7275.jpg 108,267,233,417,0 245,251,373,409,0
failed-print-head4er_jpg.rf.c0caa05b6b1767bab237d2c3d1cfea5a.jpg 186,268,311,417,0 44,253,172,410,0
failed-prints-2_jpg.rf.3ccf3940205c737db649125155fa4d32.jpg 132,120,245,226,0 263,226,361,312,0 144,261,204,320,0
failed-prints-2_jpg.rf.53801b20338a9fc37471ba2525fc36e3.jpg 123,126,224,221,0 251,218,339,294,0 140,259,194,312,0
failed-prints-2_jpg.rf.53dd630afb7111a9a7ce8ecee740669c.jpg 204,130,301,221,0 80,200,165,272,0 215,259,267,309,0
failed-toothbrush_jpg.rf.0749250524ed5323bc83adb74aecda04.jpg 115,88,159,188,0 165,91,325,267,0
failed-toothbrush_jpg.rf.91dec51e4709c554730b6fb30c4a3435.jpg 261,87,309,189,0 92,85,259,267,0
failed-toothbrush_jpg.rf.c744f9f09f84c1a08873726948c41260.jpg 230,76,286,185,0 61,92,245,292,0
FM637CFIHF6MY36_jpg.rf.06fffdaa88c2a3abe7d392032d438d37.jpg 1,1,417,385,0
FM637CFIHF6MY36_jpg.rf.51571c9bef1e6830bf9e01ecf23972d3.jpg 9,1,417,415,0
FM637CFIHF6MY36_jpg.rf.5da0721b755c6a0238fceb19d0100900.jpg 1,1,417,400,0
FPZQEJJJIOU532Z_jpg.rf.6b4d68cfee420f9b184c9fba7e70ac8e.jpg 1,78,73,239,0 62,64,292,156,0
FPZQEJJJIOU532Z_jpg.rf.6cbf6ee2161201c8b0d67d9ba5896d28.jpg 1,98,69,259,0 54,66,286,148,0
FPZQEJJJIOU532Z_jpg.rf.e560752321092d4fc43ba3f6e9b034ce.jpg 380,72,417,240,0 144,50,387,129,0
g7gbnn0z0xb21_jpg.rf.0b3c4dd3878dc30730b978c08fafaefd.jpg 184,192,253,253,0 313,171,391,246,0 32,205,86,281,0
g7gbnn0z0xb21_jpg.rf.41bc04c75771f2a4daa38f884bd6d66d.jpg 151,183,219,243,0 16,160,94,235,0 313,199,367,274,0
g7gbnn0z0xb21_jpg.rf.5b205b39605bd454840ba18d49c3f3fa.jpg 173,196,238,253,0 39,179,113,250,0 336,203,386,275,0
gfdim8oam0e51_jpg.rf.1a107061df0d0f4d52e22303f9007bb6.jpg 11,223,150,295,0
gfdim8oam0e51_jpg.rf.3c31b29657d55006c4cc1189465b3e62.jpg 250,214,380,286,0
gfdim8oam0e51_jpg.rf.f0335eaaa514141ef91e6d4735ffba9c.jpg 35,196,163,261,0
h910aqz8f0p51_jpg.rf.0bfc66c4c8cf3f89d00681ff3e050ea3.jpg 142,103,167,137,0 175,85,237,164,0 250,89,276,179,0
h910aqz8f0p51_jpg.rf.7406a50ef0e21e715188e37dea44f7f4.jpg 237,96,269,136,0 158,82,237,175,0 119,98,160,197,0
h910aqz8f0p51_jpg.rf.ad789082cc85a005ed613e5ef4a11f13.jpg 242,84,273,123,0 169,72,244,161,0 131,88,171,182,0
hswpodf6xwg51_jpg.rf.5afc420292603ee33b5a4669695a49de.jpg 126,196,148,239,0 226,219,293,250,0
hswpodf6xwg51_jpg.rf.878d4be46e8fb247138e11b4bfa7ad16.jpg 126,207,147,251,0 230,226,299,255,0
hswpodf6xwg51_jpg.rf.c3d0bf2475eae549fbfdc70155aa0ba4.jpg 117,197,144,244,0 226,228,301,265,0
IMG_0275-1024x768_jpg.rf.124378dc0caf37ffced9cb611dfe87f5.jpg 127,69,361,235,0 165,244,344,336,0
IMG_0275-1024x768_jpg.rf.5402b1704f650bd2186fb60307c24834.jpg 53,86,282,237,0 79,264,258,343,0
IMG_0275-1024x768_jpg.rf.974e2002475a7f0fd30b143ff3334258.jpg 63,74,299,222,0 107,258,293,333,0
IMG_0925_jpg.rf.537a2f0ac4360cdb1e7af93746d4e19b.jpg 87,130,152,217,0 24,166,87,244,0
IMG_0925_jpg.rf.6ea59c9e04f50bb0a4bf55be88ede0e8.jpg 281,108,340,189,0 344,140,402,213,0
IMG_0925_jpg.rf.d3a6da2c347e6bc38e9bfd460ae209d2.jpg 276,116,327,191,0 338,141,389,207,0
IMG_20190315_182806_resized_20190315_062928890-jpg-fd764c2075f3f0ba27e2cfa9fe838dc4_jpg.rf.023221d4029174e5138264f2ecce4a88.jpg 1,193,44,232,0 57,185,247,275,0 293,275,344,308,0
IMG_20190315_182806_resized_20190315_062928890-jpg-fd764c2075f3f0ba27e2cfa9fe838dc4_jpg.rf.3641eaaad5c5e57289c8d2848e06b2ca.jpg 352,202,393,238,0 159,179,337,259,0 60,240,107,269,0
IMG_20190315_182806_resized_20190315_062928890-jpg-fd764c2075f3f0ba27e2cfa9fe838dc4_jpg.rf.3d463b01947128bb7fdef65a489f089e.jpg 378,182,417,219,0 176,171,362,251,0 76,249,125,279,0
IMG_20190315_182828_resized_20190315_062942052-jpg-8a88576191faf0f1d6f2cf3958e55e78_jpg.rf.0fcc1ae53b0cbc66afa7dc701a36a903.jpg 58,185,275,340,0
IMG_20190315_182828_resized_20190315_062942052-jpg-8a88576191faf0f1d6f2cf3958e55e78_jpg.rf.2cdf3c98c6ef52584f4dc55bb28e7435.jpg 140,170,366,321,0
IMG_20190315_182828_resized_20190315_062942052-jpg-8a88576191faf0f1d6f2cf3958e55e78_jpg.rf.7b75f96479a591fc9eadde40e216a31f.jpg 36,171,265,329,0
IMG_20200217_231433-1-1024x672_jpg.rf.374b047f00dc08bc966dd432605632eb.jpg 210,27,271,122,0 224,213,264,267,0 172,239,211,268,0
IMG_20200217_231433-1-1024x672_jpg.rf.950daa02cc5cd00d74b0bf6f95c98533.jpg 140,31,195,120,0 138,211,173,262,0 187,238,224,265,0
IMG_20200217_231433-1-1024x672_jpg.rf.9e7bd89160c0ecbcf31c3ec26a5f0e3f.jpg 186,21,249,116,0 230,202,270,256,0 181,236,221,266,0
imys8n7q6or11_jpg.rf.79921db1ed8d3e69a6968e2a0cf15279.jpg 96,146,289,260,0
imys8n7q6or11_jpg.rf.a55707545ed1d295d03dd6f8a79fe576.jpg 110,138,298,253,0
imys8n7q6or11_jpg.rf.e98a067d028bc9127acb00a19bacf7ba.jpg 110,117,316,251,0
index_jpg.rf.64295bdc65a8c927727cb787a1220302.jpg 96,111,322,328,0
index_jpg.rf.8b9071f95ef00b0f5bc6b54858a8af38.jpg 93,104,326,330,0
index_jpg.rf.92a327b5273b58583425b7ebf12b486f.jpg 101,105,352,347,0
jrff1s7javz21_jpg.rf.1d67ce0bc5f8585327a900a312de63eb.jpg 170,180,380,305,0
jrff1s7javz21_jpg.rf.72b4cb2a730f1cf6b5bb9f2717a1fafa.jpg 59,201,246,308,0
jrff1s7javz21_jpg.rf.ef406ed7f520d106b5490d7429f58245.jpg 51,192,245,295,0
jX8GnXD_jpg.rf.1897f5097642385aa4aca6f51f8b11f5.jpg 106,138,238,307,0 144,1,336,91,0
jX8GnXD_jpg.rf.5d46bc969b0002dcad3931da0c75da15.jpg 82,128,235,312,0 150,1,352,114,0
jX8GnXD_jpg.rf.f64e8457c00304f6916a8cbe4acbd999.jpg 94,144,242,325,0 115,1,316,107,0
lk0wysh0fgr41_jpg.rf.220516290660af8c707a37e2162a07db.jpg 173,149,295,220,0 138,50,366,137,0
lk0wysh0fgr41_jpg.rf.220a8ad4e93271b644a7631523ae60d8.jpg 124,153,259,242,0 65,42,311,161,0
lk0wysh0fgr41_jpg.rf.bea5b6d6ac3595c03851ebe15b021ef4.jpg 166,126,295,209,0 118,21,353,131,0
Misaligned-Layers_jpg.rf.02076218b4e4600fb8db771cdc950d71.jpg 80,74,163,319,0
Misaligned-Layers_jpg.rf.cbd1173d0c17e0dbfd283a2f606e86bd.jpg 106,77,171,302,0
Misaligned-Layers_jpg.rf.cd6de9e82343c88abe069d67d7fbb3e7.jpg 248,63,330,305,0
MKmmV_jpg.rf.aa7d25dea65ed536ceeb828c9da490ce.jpg 216,109,266,181,0 129,134,165,176,0
MKmmV_jpg.rf.aacdb41355324c827b33c8e65befcfa4.jpg 155,102,213,178,0 251,142,291,187,0
MKmmV_jpg.rf.e1fb2b899dc857c16b899b354ef587cf.jpg 166,82,221,159,0 271,112,310,157,0
MzU6IdTJ1uhdbyTzHKX3sni9cdLybmIaEMTQdg_CYu8_jpg.rf.1e767f4f36042dfbcc4981ebfd6a8cda.jpg 135,7,245,106,0 99,82,153,173,0 144,151,228,257,0
MzU6IdTJ1uhdbyTzHKX3sni9cdLybmIaEMTQdg_CYu8_jpg.rf.275ae32e26ae43a73a754dfe254c5ebd.jpg 201,18,317,124,0 283,102,343,196,0 197,162,287,273,0
MzU6IdTJ1uhdbyTzHKX3sni9cdLybmIaEMTQdg_CYu8_jpg.rf.ce4d2c7dfea26269d3101e744132b035.jpg 157,12,273,119,0 115,81,177,175,0 151,153,242,264,0
oNTU2QC_jpg.rf.068b7df50954ab42d3e79544d2926a1d.jpg 188,201,322,382,0
oNTU2QC_jpg.rf.9d5ca6936bc607cd4ef9bce19db10a49.jpg 182,208,315,386,0
oNTU2QC_jpg.rf.e9f72694411312b16303955150f78991.jpg 205,224,344,415,0
prmjf1yvlt811_jpg.rf.a5b1e496eebae1c344c345e9d11f397b.jpg
prmjf1yvlt811_jpg.rf.becd8d1f1f83b9681271048bb504f808.jpg
prmjf1yvlt811_jpg.rf.bfec2e4eb6d63314a2337ebb1ae72dfd.jpg
problems_jpg.rf.1655fd96052239ea4ecfa3bfc0fd8904.jpg 77,76,196,126,0
problems_jpg.rf.293a54c054da78a0d47ed0982ed0929e.jpg 88,80,206,130,0
problems_jpg.rf.56a5306c1ef430e9ec1a49f95cd61501.jpg 87,93,204,142,0
processes-08-01464-g001_jpg.rf.3b93ba9e591be1c26a7ae75b81d733d2.jpg 144,22,218,136,0 232,42,331,271,0
processes-08-01464-g001_jpg.rf.4f8e767a8c3f86e0c0a38185c80c1597.jpg 218,24,286,133,0 106,40,192,261,0
processes-08-01464-g001_jpg.rf.7296e4f653655a5f6d8cc7247119e8fd.jpg 211,11,289,124,0 104,38,213,260,0
PXL_20210304_123630223_jpg.rf.45216fb21f9a8d1b22fca8a29d9d1bc3.jpg 103,86,255,181,0
PXL_20210304_123630223_jpg.rf.8909e1fb851c528d1f74a9952d287ad3.jpg 159,91,316,188,0
PXL_20210304_123630223_jpg.rf.a2bd6fef9f943122dc62cb2ea9779ce0.jpg 115,100,262,193,0
